Affinity
0.05984878250480687
0.07521083205937107
0.04559020684083142
0.08129366787157195
0.10136730085871104
0.06801173658668672
0.05259754297650817
0.07971763392563679
0.04581483562095077
0.058065218574763586
0.034652427840307316
0.03964211111159674
0.061549746417083794
0.06524778235986207
0.0904372314300014
0.10398607155964658
0.0765122624182096
0.0664699337601595
0.07194322056550291
0.1707436217627782
0.10366544128707174
0.08592726431712702
0.07357328884231558
0.08022124239434503
0.037696257123031186
0.0646592074070964
0.049968666739931875
0.06596454968514985
0.03771213095135614
0.05724657126131885
0.09627626587284546
0.07052939943415423
0.09308117563151645
0.05437422525877961
0.03856435840519852
0.09432894521259648
0.03833293543317798
0.035466572754655666
0.041467405482626334
0.13124868862814038
0.05841245005158843
0.08519278349758584
0.05345820118882656
0.05479661623313296
0.03633056963711626
0.06216422272663343
0.04083527348307351
0.08019898283015772
0.08189390818504749
0.05931630984771406
0.052974959455483146
0.08350381028076292
0.039172501769993796
0.05778672250726368
0.06089519870118616
0.12350927910526877
0.051995251279457096
0.09677085148459615
0.040505383311514154
0.05663215494714228
0.06383847876973642
0.09169237205794138
0.11149633304289332
0.11149633304289332
0.15466790367795685
0.031229348024480616
0.09962687199504573
0.09890969429388814
0.06738875617543404
0.11397658356114015
0.13291374153947236
0.08176450102753542
0.057099454653347544
0.06222860654188833
0.11346298073061326
0.12926246828438906
0.08207063893771314
0.05479661623313296
0.09617477111623197
0.10965540515496082
0.08220682084000562
0.06507383986012034
0.05363208574419789
0.10336710492189412
0.06439009305016388
0.05966918108901887
0.03829279085549809
0.05079252622916536
0.09962687199504573
0.09962687199504573
0.08152092617686012
0.06609053677521003
0.10989218350262114
0.055216504785882865
0.06372957238398112
0.10336710492189412
0.05227663842877872
0.06784031666097162
0.048831078679994394
0.05383190000840802
0.054539838856385074
0.14948809539834457
0.06076097573222499
0.037748628979736756
0.11607744241708436
0.05233707350725889
0.11397658356114015
0.07729632046643106
0.06498460575234943
0.10651858790717174
0.04885680083722379
0.04918471576115233
0.07705577816814994
0.06316059668894694
0.07390644166532959
0.06184725376588457
0.05200972684857452
0.1309752849262768
0.07914503767553535
0.11397658356114015
0.11397658356114015
0.0999317151308504
0.1617056784059722
0.08152092617686012
0.06364004210667316
0.10078504255418869
0.06896196109215579
0.11346298073061326
0.05303884447479973
0.05323729697844724
0.0495863991676675
0.06263491740442574
0.1617056784059722
0.11346298073061326
0.07343159503894339
0.07433165795507671
0.047325070750124654
0.08152092617686012
0.09299384720978174
0.09001605890319259
0.09232709411357362
0.04256602182197438
0.07478687132632077
0.06702110572804984
0.11397658356114015
0.07572010068513978
0.05650387960966298
0.08973507719211476
0.06543942843756285
0.0995364798300005
0.042351480759339685
0.027416510244714486
0.042014457744637836
0.0585808042398854
0.055742089543835346
0.11346298073061326
0.03422107353441938
0.0995364798300005
0.11397658356114015
0.11149633304289332
0.11149633304289332
0.11397658356114015
0.04731736351938676
0.1617056784059722
0.09522359564188283
0.10041101114654769
0.07408614978208293
0.10363108562044078
0.0995364798300005
0.021805164241323935
0.05308662999225414
0.05010907373052747
0.04851617364886282
0.10363108562044078
0.06434215236980627
0.05123167253176243
0.0457185223808079
0.10041101114654769
0.026728506412551964
0.0661284174836271
0.05352012670105455
0.1617056784059722
0.11346298073061326
0.09957583445538998
0.11149633304289332
0.11149633304289332
0.0398209758535028
0.07890893829100085
0.08962161882679205
0.0995364798300005
0.10078504255418869
0.07181060060993355
0.06241490795990311
0.11346298073061326
0.10078504255418869
0.10041101114654769
0.11149633304289332
0.032056159440062154
0.05523175254273091
0.055126945704671845
0.11346298073061326
0.07447648483960512
0.07181060060993355
0.11397658356114015
0.050321339113083986
0.10078504255418869
0.06516973302921428
0.10041101114654769
0.11346298073061326
0.11149633304289332
0.06613864487982465
0.06525962151175142
0.11346298073061326
0.10041101114654769
0.053613999027544525
0.03848907558012705
0.10363108562044078
0.10595775262375981
0.10595775262375981
0.04900324459295778
0.13169901635588002
0.10363108562044078
0.06323853816173401
0.11149633304289332
0.11346298073061326
0.10078504255418869
0.10078504255418869
0.032056159440062154
0.07834321519238013
0.0580726135412585
0.11346298073061326
0.11149633304289332
0.11346298073061326
0.11397658356114015
0.12730304865855224
0.04906961131881966
0.10078504255418869
0.10435043764225693
0.10919542855006747
0.05612127196581737
0.0398209758535028
0.07070860764381488
0.04644401851509105
0.10041101114654769
0.11149633304289332
0.031184702585470285
0.085711710135433
0.10041101114654769
0.058736632698365966
0.10363108562044078
0.04983217292007639
0.022274158259361847
0.12730304865855224
0.11149633304289332
0.11149633304289332
0.10120051360180903
0.0995364798300005
0.10801019814510023
0.11397658356114015
0.10363108562044078
0.10435043764225693
0.12730304865855224
0.12730304865855224
0.091097141549027
0.11397658356114015
0.0995364798300005
0.059107835374809355
0.10435043764225693
0.11670534813253265
0.11346298073061326
0.0995364798300005
0.046288773758358354
0.056888650118171756
0.12730304865855224
0.11149633304289332
0.12311236581418929
0.13169901635588002
0.10435043764225693
0.16451126114165135
0.11149633304289332
0.06614803330398744
0.026634175742980576
0.06213974127264084
0.12730304865855224
0.10435043764225693
0.09799787360237386
0.10435043764225693
0.11397658356114015
0.11149633304289332
0.10521681597309375
0.10078504255418869
0.11149633304289332
0.10078504255418869
0.07723920600827698
0.026634175742980576
0.10078504255418869
0.11149633304289332
0.059107835374809355
0.12311236581418929
0.056213128036149425
0.10435043764225693
0.06213974127264084
0.10078504255418869
0.0995364798300005
0.10801019814510023
0.10078504255418869
0.061883733696871765
0.0995364798300005
0.11149633304289332
0.07416261622856124
0.07827690487178261
0.12730304865855224
0.1453277487877209
0.062223874822799737
0.09275001471921905
0.06236647446519111
0.06755429251184791
0.10078504255418869
0.06078598728845581
0.05684404673166153
0.07739288681185513
0.10363108562044078
0.11149633304289332
0.04693329023203588
0.11149633304289332
0.11149633304289332
0.07678020174384674
0.12311236581418929
0.10041101114654769
0.12311236581418929
0.03394728797320206
0.10363108562044078
0.12273838928786825
0.12730304865855224
0.12730304865855224
0.1321862640148716
0.06736657926366571
0.11149633304289332
0.11397658356114015
0.07043627777208472
0.1868093003954702
0.11149633304289332
0.08252647985885705
0.0995364798300005
0.0861694965192795
0.059792414407635074
0.046288773758358354
0.06285774386839328
0.11149633304289332
0.04669408501102
0.10363108562044078
0.1130185409777849
0.12311236581418929
0.07859314725158155
0.1130185409777849
0.11149633304289332
0.09793483177562204
0.12311236581418929
0.06634741958571475
0.08920923575742741
0.0995364798300005
0.10234882815227117
0.05590106103472096
0.12311236581418929
0.09030809976559623
0.10234882815227117
0.1453277487877209
0.09600405452859144
0.12730304865855224
0.07462448994980662
0.10078504255418869
0.07854871507281971
0.051726433039798236
0.10234882815227117
0.11397658356114015
0.11149633304289332
0.06634741958571475
0.0995364798300005
0.0995364798300005
0.11149633304289332
0.11149633304289332
0.1130185409777849
0.0995364798300005
0.1453277487877209
0.11161997243413575
0.03288583646086634
0.08290705836058615
0.10521681597309375
0.10745003868473713
0.0995364798300005
0.11149633304289332
0.1453277487877209
0.05017120202710781
0.07318886335446612
0.07462448994980662
0.11607682857038315
0.12311236581418929
0.09352438478613971
0.12311236581418929
0.05111691415484864
0.0995364798300005
0.11397658356114015
0.0995364798300005
0.10363108562044078
0.06418833569988729
0.12730304865855224
0.07670838108321813
0.10435043764225693
0.11149633304289332
0.10435043764225693
0.11149633304289332
0.11149633304289332
0.12730304865855224
0.10435043764225693
0.1453277487877209
0.10078504255418869
0.0995364798300005
0.034107666974358734
0.0995364798300005
0.051935553308849476
0.1453277487877209
0.04950915879503778
0.11161997243413575
0.070366714499479
0.11607682857038315
0.10234882815227117
0.0995364798300005
0.10521681597309375
0.06291138745526181
0.05249635777903572
0.0995364798300005
0.11149633304289332
0.09243681899459164
0.11149633304289332
0.11670534813253265
0.17888721703703347
0.11149633304289332
0.032056159440062154
0.12151140168967453
0.10078504255418869
0.06341187237640263
0.13169901635588002
0.11149633304289332
0.11149633304289332
0.10559058194934157
0.11149633304289332
0.0995364798300005
0.11670534813253265
0.089752041531429
0.11149633304289332
0.11149633304289332
0.11149633304289332
0.10234882815227117
0.17888721703703347
0.07293315254688085
0.08067044304719723
0.05232634089704205
0.12730304865855224
0.07034126840279875
0.10521681597309375
0.10836893675284824
0.10934789188255147
0.11397658356114015
0.06377127679017998
0.0995364798300005
0.1453277487877209
0.10836893675284824
0.06422057153169865
0.12311236581418929
0.13169901635588002
0.031754455950999995
0.11397658356114015
0.07185118625346773
0.07810601976323392
0.12730304865855224
0.11149633304289332
0.11670534813253265
0.11149633304289332
0.12730304865855224
0.0995364798300005
0.10435043764225693
0.11397658356114015
0.10234882815227117
0.13681084383346281
0.0995364798300005
0.0995364798300005
0.10234882815227117
0.08550702515055957
0.07141531622096255
0.06854067605390515
0.1453277487877209
0.0995364798300005
0.019255035430076162
0.10078504255418869
0.0995364798300005
0.11149633304289332
0.0737229002543965
0.0676117942144216
0.10041101114654769
0.05415957698028349
0.05904783585263469
0.10521681597309375
0.11397658356114015
0.05357603614521086
0.0542560980521905
0.12730304865855224
0.11206074289974813
0.07619109974625406
0.10934789188255147
0.07453412655257795
0.10078504255418869
0.10041101114654769
0.10559058194934157
0.08858934190392224
0.057663920279511
0.12446577510889402
0.057429238607792754
0.12730304865855224
0.10078504255418869
0.07428841803409808
0.17888721703703347
0.10041101114654769
0.08244016075942408
0.0995364798300005
0.11149633304289332
0.11149633304289332
0.07788854609212513
0.10521681597309375
0.1427728997562696
0.06639869652155803
0.09145554284579467
0.11149633304289332
0.0995364798300005
0.12730304865855224
0.05603773733713018
0.11149633304289332
0.06527659157323862
0.13169901635588002
0.10234882815227117
0.06458677738367591
0.10234882815227117
0.12730304865855224
0.0995364798300005
0.0995364798300005
0.11149633304289332
0.08696054345972386
0.10521681597309375
0.021979302032598683
0.028004911326060613
0.07592165622658993
0.06700248412563885
0.016885363829988915
0.11206074289974813
0.11397658356114015
0.12730304865855224
0.10234882815227117
0.11149633304289332
0.06643512992435967
0.09243245592983654
0.08239723683819908
0.0995364798300005
0.0995364798300005
0.06666138120234608
0.11454101996280061
0.12730304865855224
0.11149633304289332
0.11149633304289332
0.05011216844773354
0.11149633304289332
0.08668452524359851
0.10234882815227117
0.09367306666313184
0.0995364798300005
0.12730304865855224
0.11670534813253265
0.10234882815227117
0.10041101114654769
0.0995364798300005
0.10521681597309375
0.10136816372289395
0.11397658356114015
0.021979302032598683
0.11149633304289332
0.11044041410583487
0.11149633304289332
0.10234882815227117
0.0701153483022682
0.12403481806608946
0.12730304865855224
0.11044041410583487
0.11149633304289332
0.016885363829988915
0.12730304865855224
0.10136816372289395
0.0673189219508175
0.10768606084668746
0.11206074289974813
0.12550912793323823
0.11670534813253265
0.0995364798300005
0.10521681597309375
0.0630903056871758
0.11044041410583487
0.11149633304289332
0.06474913285411824
0.12311236581418929
0.10234882815227117
0.0995364798300005
0.0813412233191528
0.0995364798300005
0.07135227911812916
0.12730304865855224
0.11303809001905357
0.10521681597309375
0.10234882815227117
0.0995364798300005
0.10234882815227117
0.11149633304289332
0.0995364798300005
0.13383627616509003
0.12730304865855224
0.042907342222153394
0.07801584111376392
0.06276373756624916
0.05249635777903572
0.0995364798300005
0.03358952828187688
0.04354350683090349
0.06853590802689101
0.08994156384528838
0.0591547196361959
0.09198001540388623
0.11149633304289332
0.08819098957301014
0.10234882815227117
0.07186936171567294
0.0995364798300005
0.10234882815227117
0.11149633304289332
0.05931431214431918
0.09251957949691321
0.0991928914155979
0.07313514898440042
0.04203714880368245
0.11600426663600334
0.12730304865855224
0.11044041410583487
0.11825126496010768
0.0832306476800518
0.11600426663600334
0.12730304865855224
0.09236665272495476
0.11149633304289332
0.08885456825031307
0.12730304865855224
0.12730304865855224
0.10234882815227117
0.0995364798300005
0.04900906619681365
0.0995364798300005
0.07331530382224165
0.14878175819641476
0.12793842871446087
0.09013104433803752
0.05615384573519142
0.09063636084100525
0.12403481806608946
0.0995364798300005
0.0995364798300005
0.13169901635588002
0.12968222357154852
0.14878175819641476
0.11044041410583487
0.14878175819641476
0.0995364798300005
0.11303809001905357
0.062199549528167725
0.08926530547871286
0.07967296998687007
0.11149633304289332
0.10234882815227117
0.1427728997562696
0.10234882815227117
0.0995364798300005
0.04545950454334845
0.0659175133849251
0.021831438928449128
0.0995364798300005
0.12968222357154852
0.0991928914155979
0.11825126496010768
0.05242146438329282
0.021979302032598683
0.0995364798300005
0.0995364798300005
0.12730304865855224
0.04711730642088636
0.11044041410583487
0.032056159440062154
0.11149633304289332
0.0995364798300005
0.12403481806608946
0.13169901635588002
0.07015648096902947
0.12730304865855224
0.09707233709903879
0.10234882815227117
0.060957754748202274
0.09061026962103949
0.0936668367001466
0.11044041410583487
0.0995364798300005
0.10234882815227117
0.07144828641195959
0.061080740484515936
0.019255035430076162
0.0995364798300005
0.0699923049749676
0.0694697399399945
0.061432219423880476
0.05542386211292324
0.037058187494375776
0.08140820900103649
0.06474913285411824
0.11600426663600334
0.1427728997562696
0.12403481806608946
0.0318737067096303
0.11303809001905357
0.1427728997562696
0.1015036964948697
0.08015627085508746
0.02951343505732498
0.08723933646015584
0.12730304865855224
0.0995364798300005
0.10234882815227117
0.12014071759088275
0.09104545978548666
0.0995364798300005
0.05459026759915485
0.11670534813253265
0.0995364798300005
0.0995364798300005
0.1015036964948697
0.10234882815227117
0.06973490689210418
0.0918632152193769
0.10234882815227117
0.09935972817358132
0.12730304865855224
0.05307530113225334
0.1015036964948697
0.03524325478327361
0.11149633304289332
0.082279740312975
0.10234882815227117
0.016885363829988915
0.10559058194934157
0.11303809001905357
0.12730304865855224
0.11670534813253265
0.1427728997562696
0.0991928914155979
0.05532745711959979
0.1427728997562696
0.12730304865855224
0.0595315316677999
0.07124682508386256
0.12311236581418929
0.11303809001905357
0.061432219423880476
0.0864075432069715
0.11670534813253265
0.12730304865855224
0.11303809001905357
0.04008337879681518
0.06539795433702199
0.11149633304289332
0.11149633304289332
0.07631508845651797
0.11149633304289332
0.06678221943581544
0.05052446238221354
0.05452703308804961
0.11149633304289332
0.11149633304289332
0.0995364798300005
0.06136819309664034
0.10234882815227117
0.03524325478327361
0.0995364798300005
0.11149633304289332
0.07293315254688085
0.06210055380276131
0.0728587983204901
0.0559153532135995
0.1427728997562696
0.10234882815227117
0.05619768083106484
0.11303809001905357
0.06278776768823115
0.10234882815227117
0.12094177414499839
0.0979140144735715
0.0995364798300005
0.11303809001905357
0.12311236581418929
0.0604123873472596
0.08356750573100648
0.11303809001905357
0.09950442831698719
0.03524325478327361
0.10559058194934157
0.10234882815227117
0.07793051328784348
0.04324707974508571
0.061080740484515936
0.0995364798300005
0.12730304865855224
0.10234882815227117
0.11670534813253265
0.11670534813253265
0.11600426663600334
0.0995364798300005
0.0995364798300005
0.12730304865855224
0.120529748438045
0.0995364798300005
0.05747607017984074
0.05438189611553524
0.11149633304289332
0.12730304865855224
0.07134841853770682
0.10234882815227117
0.10308712507483185
0.10869289476028952
0.11149633304289332
0.11303809001905357
0.10308712507483185
0.12730304865855224
0.11670534813253265
0.1427728997562696
0.10234882815227117
0.07189213074833789
0.13169901635588002
0.09167448361499687
0.11149633304289332
0.06488387679619799
0.11303809001905357
0.11149633304289332
0.05134285656969551
0.08582236772318236
0.12311236581418929
0.11303809001905357
0.10613345785198908
0.07148855465102708
0.11085950686428671
0.12094177414499839
0.0995364798300005
0.12094177414499839
0.05328415776219107
0.12094177414499839
0.13169901635588002
0.13383627616509003
0.11149633304289332
0.10234882815227117
0.12730304865855224
0.04705115194825842
0.10234882815227117
0.0995364798300005
0.05747607017984074
0.1279651412540607
0.12403481806608946
0.05747607017984074
0.12014071759088275
0.0995364798300005
0.016885363829988915
0.06908003189249592
0.0995364798300005
0.0995364798300005
0.0995364798300005
0.11303809001905357
0.09676687085557507
0.0995364798300005
0.027211347652401706
0.09707233709903879
0.03781118264432793
0.06420740349708477
0.05134285656969551
0.09707233709903879
0.12730304865855224
0.0995364798300005
0.0995364798300005
0.05747607017984074
0.08226852955816978
0.1427728997562696
0.11303809001905357
0.0918632152193769
0.1427728997562696
0.13383627616509003
0.0995364798300005
0.05791197731472153
0.0995364798300005
0.12730304865855224
0.0995364798300005
0.0564099155737745
0.10869289476028952
0.059071033559136774
0.09226515488096572
0.06529473703724485
0.10234882815227117
0.12014071759088275
0.12311236581418929
0.10486109864320571
0.0991928914155979
0.11303809001905357
0.05747607017984074
0.0995364798300005
0.0906872759822466
0.10234882815227117
0.11303809001905357
0.09232826341805428
0.11303809001905357
0.07663410657347729
0.042857923874628605
0.10234882815227117
0.1284345875182513
0.12730304865855224
0.11149633304289332
0.10415404693477998
0.12730304865855224
0.12730304865855224
0.11670534813253265
0.12793842871446087
0.050154763573344203
0.06008574256618972
0.11149633304289332
0.10234882815227117
0.12100281186667687
0.10308712507483185
0.10415404693477998
0.12730304865855224
0.08220594750270609
0.07072983495840857
0.10234882815227117
0.08765805672064773
0.11670534813253265
0.11303809001905357
0.10234882815227117
0.09707233709903879
0.10308712507483185
0.0806261576821073
0.10234882815227117
0.11149633304289332
0.10613345785198908
0.09397178395563682
0.11303809001905357
0.12730304865855224
0.12730304865855224
0.10234882815227117
0.05549607584921058
0.12730304865855224
0.10234882815227117
0.12730304865855224
0.13383627616509003
0.12730304865855224
0.11303809001905357
0.13383627616509003
0.12730304865855224
0.10415404693477998
0.10613345785198908
0.1279651412540607
0.10234882815227117
0.046707552372922394
0.10234882815227117
0.09707233709903879
0.11303809001905357
0.12311236581418929
0.09792009503527035
0.13169901635588002
0.1427728997562696
0.12730304865855224
0.07178996727461022
0.08260341355142035
0.11303809001905357
0.08062980163530915
0.06835301965538766
0.12730304865855224
0.10234882815227117
0.11670534813253265
0.11303809001905357
0.0995364798300005
0.0995364798300005
0.11303809001905357
0.051419027324977544
0.11303809001905357
0.10234882815227117
0.0995364798300005
0.0995364798300005
0.11303809001905357
0.0995364798300005
0.05747607017984074
0.05258785677606957
0.10486109864320571
0.11303809001905357
0.12957540003378082
0.0995364798300005
0.11670534813253265
0.09707233709903879
0.11303809001905357
0.11303809001905357
0.10234882815227117
0.11149633304289332
0.09707233709903879
0.08707438998431634
0.10308712507483185
0.12730304865855224
0.11064444790464885
0.12730304865855224
0.09707233709903879
0.12311236581418929
0.04561552806437574
0.09707233709903879
0.12730304865855224
0.12793842871446087
0.10486109864320571
0.0995364798300005
0.0995364798300005
0.1279651412540607
0.12730304865855224
0.11303809001905357
0.11303809001905357
0.08393994589385739
0.12730304865855224
0.10234882815227117
0.11303809001905357
0.1548492496747793
0.11303809001905357
0.120529748438045
0.12793842871446087
0.06556691128351433
0.05965647739804172
0.05747607017984074
0.10234882815227117
0.10234882815227117
0.0995364798300005
0.13383627616509003
0.09707233709903879
0.07368593181063192
0.03001507584669677
0.12094177414499839
0.10234882815227117
0.02429518086191851
0.07238357874449007
0.10234882815227117
0.12094177414499839
0.044684207658783726
0.11670534813253265
0.10415404693477998
0.1427728997562696
0.10184563226735288
0.07219660144241279
0.11303809001905357
0.10234882815227117
0.11303809001905357
0.10184563226735288
0.0995364798300005
0.08301196034516331
0.09707233709903879
0.10184563226735288
0.11600426663600334
0.09707233709903879
0.12730304865855224
0.11083525369373921
0.10234882815227117
0.19104719060179162
0.12730304865855224
0.0995364798300005
0.12730304865855224
0.11149633304289332
0.12730304865855224
0.11303809001905357
0.05649664197036873
0.12014071759088275
0.12730304865855224
0.10308712507483185
0.10184563226735288
0.0991928914155979
0.10184563226735288
0.10415404693477998
0.12014071759088275
0.11015361474630311
0.08159780681808053
0.07208542531913509
0.0991928914155979
0.10459554732249007
0.11303809001905357
0.03683278382270086
0.061301046503331416
0.10234882815227117
0.0995364798300005
0.12094177414499839
0.0921465012384857
0.10234882815227117
0.09707233709903879
0.09452286699077643
0.10133601140749429
0.030647300909054813
0.12094177414499839
0.12730304865855224
0.061494665522169145
0.11303809001905357
0.08083803316195631
0.12730304865855224
0.10459554732249007
0.1548492496747793
0.11149633304289332
0.10746327123846713
0.09707233709903879
0.10559058194934157
0.12730304865855224
0.06896619351293397
0.08648205814758925
0.08724708001627274
0.066980025742967
0.04236333300554312
0.12730304865855224
0.120529748438045
0.10415404693477998
0.11303809001905357
0.07368180210250636
0.11149633304289332
0.12730304865855224
0.11064444790464885
0.10459554732249007
0.062075687888302644
0.0943216605903008
0.11303809001905357
0.05892429058234461
0.12730304865855224
0.10234882815227117
0.12730304865855224
0.10559058194934157
0.038333642370965676
0.12053408268061644
0.10184563226735288
0.06317497416934599
0.060962075522131454
0.10308712507483185
0.04776891530860659
0.11149633304289332
0.12793842871446087
0.10234882815227117
0.07262825681665587
0.11670534813253265
0.10559058194934157
0.11303809001905357
0.08806040498485172
0.058538328414639205
0.10308712507483185
0.10234882815227117
0.10234882815227117
0.11303809001905357
0.12793842871446087
0.04561552806437574
0.12793842871446087
0.12014071759088275
0.12730304865855224
0.062075687888302644
0.07683989946059311
0.12730304865855224
0.10559058194934157
0.10308712507483185
0.12730304865855224
0.11064444790464885
0.10234882815227117
0.10559058194934157
0.12730304865855224
0.05695701034174224
0.12730304865855224
0.1505422712117377
0.11303809001905357
0.11149633304289332
0.08218895771395722
0.0831123070245373
0.12053408268061644
0.08437009784164219
0.10234882815227117
0.12094177414499839
0.11149633304289332
0.046703391950521936
0.12730304865855224
0.10459554732249007
0.0991928914155979
0.08541752535179616
0.12730304865855224
0.0991928914155979
0.07431303249173861
0.11064444790464885
0.07060703777490433
0.06723200447742567
0.07872831201941198
0.036504920601120254
0.049572700810287536
0.044818505651532545
0.12793842871446087
0.10234882815227117
0.14315066586697986
0.0248676704300404
0.10702482789475125
0.1424364356052707
0.07542655788326004
0.07268092712638058
0.04283881635319954
0.10184563226735288
0.04776891530860659
0.12014071759088275
0.1427728997562696
0.1548492496747793
0.07575278143834377
0.07611910890170018
0.02400033691905913
0.10184563226735288
0.12730304865855224
0.10254383054725776
0.1548492496747793
0.09363122320300075
0.12730304865855224
0.11303809001905357
0.04779708648541925
0.0991928914155979
0.1505422712117377
0.12730304865855224
0.08619725013731219
0.1338417078748303
0.047228412478270025
0.0840336022125621
0.06265628111756888
0.0991928914155979
0.12730304865855224
0.0638137319325566
0.10152301041116726
0.1505422712117377
0.07252964135290016
0.12014071759088275
0.10559058194934157
0.11303809001905357
0.11303809001905357
0.0871570837855806
0.11064444790464885
0.1427728997562696
0.05700092542790561
0.11064444790464885
0.10184563226735288
0.12053408268061644
0.12730304865855224
0.04105070350320156
0.13261840425931457
0.05981839139130883
0.04582044304525206
0.058201864613656805
0.04265582380086009
0.11845928267786901
0.16605885166547044
0.0653319943251654
0.09969893007694534
0.047228412478270025
0.06654633665297444
0.06272842182356966
0.09239710034381034
0.10234882815227117
0.032173845299275715
0.11303809001905357
0.02624367290089555
0.11064444790464885
0.10184563226735288
0.11303809001905357
0.093794660771113
0.10559058194934157
0.08576459893473481
0.09261398753819085
0.05945226734276243
0.1338417078748303
0.13284354638244678
0.09471818810492505
0.02013340015666466
0.1424364356052707
0.10152301041116726
0.11064444790464885
0.0991928914155979
0.11472182852938392
0.1427728997562696
0.11640913804542673
0.08198353595171184
0.10559058194934157
0.04437544867329793
0.1338417078748303
0.12730304865855224
0.05427004987523292
0.1451128174964574
0.11303809001905357
0.07068831067321785
0.10462073375453361
0.0902936237345809
0.1424364356052707
0.0702320696145362
0.06950764895378028
0.04923782702010263
0.12793842871446087
0.10234882815227117
0.07045931815647481
0.07095397339972416
0.09051147342783429
0.07352717870316113
0.025665312039685008
0.05500153129835657
0.08342599077766252
0.10559058194934157
0.11064444790464885
0.12053408268061644
0.051608027817462356
0.10234882815227117
0.09022176244405941
0.11303809001905357
0.08590896224185825
0.07883006900035976
0.11303809001905357
0.11064444790464885
0.1427728997562696
0.12053408268061644
0.14585537772050752
0.09256127111992778
0.0991928914155979
0.11064444790464885
0.07412860829600795
0.11064444790464885
0.07229363048596166
0.05318263292350851
0.06659001911714178
0.07062106427083148
0.11064444790464885
0.11303809001905357
0.10462073375453361
0.1338417078748303
0.08514693191515754
0.08025026529215833
0.04563462521798479
0.1338417078748303
0.12053408268061644
0.08338820978908798
0.12094177414499839
0.0991928914155979
0.12053408268061644
0.10234882815227117
0.06869485093773793
0.11064444790464885
0.0876313818221882
0.07386337630895055
0.10234882815227117
0.10056322137440123
0.10056322137440123
0.12053408268061644
0.11303809001905357
0.10152301041116726
0.10254383054725776
0.04776891530860659
0.05306308099792502
0.10559058194934157
0.11303809001905357
0.13284354638244678
0.11064444790464885
0.10559058194934157
0.07305677551271021
0.12094177414499839
0.06798496937565131
0.1338417078748303
0.13284354638244678
0.07117061031004764
0.11640913804542673
0.13284354638244678
0.08591996721235604
0.11472182852938392
0.10034056106121007
0.11303809001905357
0.05805054598429495
0.13284354638244678
0.12705218188083284
0.11303809001905357
0.12053408268061644
0.08226273681418024
0.12063390555952581
0.12705218188083284
0.10056322137440123
0.08227575869607914
0.12053408268061644
0.10152301041116726
0.11064444790464885
0.08060970024107944
0.10234882815227117
0.11303809001905357
0.07178919726623817
0.12730304865855224
0.07258755284269003
0.14044254819703042
0.11303809001905357
0.12432113453026458
0.08959495438679431
0.12094177414499839
0.12705218188083284
0.10152301041116726
0.0925743862033458
0.12705218188083284
0.10559058194934157
0.10559058194934157
0.10056322137440123
0.12432113453026458
0.0991928914155979
0.05012900852831783
0.08025974858662718
0.054567642546304695
0.11640913804542673
0.12705218188083284
0.0736123081181208
0.12053408268061644
0.05163289519888821
0.04985011239533578
0.04563462521798479
0.10152301041116726
0.05163289519888821
0.058254061712668184
0.14044254819703042
0.10152301041116726
0.11303809001905357
0.06601497082565348
0.12053408268061644
0.10152301041116726
0.12053408268061644
0.12053408268061644
0.11064444790464885
0.11303809001905357
0.11064444790464885
0.11064444790464885
0.12793842871446087
0.10152301041116726
0.03221693307536799
0.10152301041116726
0.12053408268061644
0.05168920917324865
0.11303809001905357
0.11472182852938392
0.08988073655453656
0.12053408268061644
0.12053408268061644
0.09751156565813403
0.1427728997562696
0.10234882815227117
0.09051618333269552
0.11064444790464885
0.12793842871446087
0.12053408268061644
0.12053408268061644
0.06449139066854723
0.1250736735901567
0.12053408268061644
0.11064444790464885
0.12094177414499839
0.12705218188083284
0.12432113453026458
0.10152301041116726
0.08400335413029787
0.07026676156599253
0.11472182852938392
0.08250928863476178
0.12053408268061644
0.057014962255027946
0.10152301041116726
0.07546426871543681
0.10152301041116726
0.1039844426526572
0.12053408268061644
0.063958047958357
0.04481081097561094
0.06481468828706397
0.12053408268061644
0.08819154011694004
0.10559058194934157
0.05218252086941053
0.0991928914155979
0.10152301041116726
0.10152301041116726
0.0654429921324023
0.12432113453026458
0.12793842871446087
0.06725838826217526
0.09102970634757228
0.12053408268061644
0.10785288549346035
0.034188495810064695
0.12705218188083284
0.10152301041116726
0.0648733531028199
0.08028437176816726
0.07699166162523007
0.12063390555952581
0.06293100897273543
0.0991928914155979
0.10152301041116726
0.12094177414499839
0.13284354638244678
0.07187932485585069
0.10152301041116726
0.07573620254866041
0.047421692783475564
0.08256730742140554
0.07468712903497515
0.08110462039712228
0.1250736735901567
0.12063390555952581
0.10152301041116726
0.14044254819703042
0.047421692783475564
0.11137866547649596
0.12730304865855224
0.10152301041116726
0.12053408268061644
0.07829008061323789
0.07401323971761771
0.04986403043179106
0.10559058194934157
0.13145255185042576
0.10559058194934157
0.13284354638244678
0.12053408268061644
0.10152301041116726
0.0991928914155979
0.11472182852938392
0.12053408268061644
0.12053408268061644
0.06249054329293337
0.08240715119847838
0.0991928914155979
0.13284354638244678
0.13284354638244678
0.04856253246343774
0.11137866547649596
0.051178703173458
0.10559058194934157
0.07220664622696436
0.11137866547649596
0.10152301041116726
0.046822332836201436
0.0454162023313837
0.12053408268061644
0.11472182852938392
0.09018520860825305
0.10152301041116726
0.09109706765697366
0.08462143637047982
0.1250736735901567
0.0991928914155979
0.0411498945365013
0.12094177414499839
0.03655800327361638
0.13284354638244678
0.06655400760342602
0.11472182852938392
0.10559058194934157
0.12053408268061644
0.12053408268061644
0.0533770274864788
0.04152902437666794
0.0692513956436596
0.11514127167865171
0.12053408268061644
0.12705218188083284
0.07307431319538511
0.11472182852938392
0.0692513956436596
0.12705218188083284
0.08776039964799119
0.11137866547649596
0.12063390555952581
0.044591769477429224
0.12705218188083284
0.05561999824129063
0.12793842871446087
0.13284354638244678
0.1487508250913761
0.10559058194934157
0.1487508250913761
0.10559058194934157
0.12053408268061644
0.061408018053846984
0.08540724761910451
0.10152301041116726
0.08949442672556228
0.06639157339990075
0.1037118104981782
0.09409392287796328
0.17831321308160458
0.12053408268061644
0.10152301041116726
0.10152301041116726
0.06435405594170149
0.12053408268061644
0.10152301041116726
0.10152301041116726
0.10152301041116726
0.10152301041116726
0.11110332649597433
0.08354041910116931
0.05024289076354834
0.10832441817162602
0.044591769477429224
0.12705218188083284
0.14640115465208364
0.12053408268061644
0.05845578349619319
0.10559058194934157
0.0733551942105664
0.12705218188083284
0.08738458452910916
0.10152301041116726
0.0682840397898436
0.057406926990387096
0.04112278342967204
0.06652912710057769
0.0659396729404551
0.06410824702912886
0.056701475448076424
0.11137866547649596
0.10152301041116726
0.10152301041116726
0.10152301041116726
0.10559058194934157
0.13284354638244678
0.10559058194934157
0.11472182852938392
0.034188495810064695
0.0991928914155979
0.07387869292542584
0.11640913804542673
0.10858274036203323
0.025982248274812613
0.11137866547649596
0.06241350033482096
0.04694411369752435
0.10559058194934157
0.11640913804542673
0.04342890016334315
0.12053408268061644
0.10559058194934157
0.14044254819703042
0.09676260541645038
0.04887346713948274
0.06811396214415835
0.06401981106442745
0.11514127167865171
0.12053408268061644
0.10152301041116726
0.11472182852938392
0.12063390555952581
0.11137866547649596
0.12053408268061644
0.05898371436747947
0.049248681632084096
0.12063390555952581
0.1427728997562696
0.10152301041116726
0.08211315974792706
0.11472182852938392
0.11619980785297573
0.10152301041116726
0.12053408268061644
0.12053408268061644
0.10152301041116726
0.056378262787135654
0.12053408268061644
0.04797111800378837
0.11472182852938392
0.06511390818983805
0.12063390555952581
0.05720852932786603
0.10858274036203323
0.10152301041116726
0.10583159928503935
0.11619980785297573
0.10152301041116726
0.14044254819703042
0.11472182852938392
0.1037118104981782
0.06524601383756742
0.14044254819703042
0.10152301041116726
0.10152301041116726
0.11472182852938392
0.11110332649597433
0.10152301041116726
0.11640913804542673
0.11640913804542673
0.10152301041116726
0.10583159928503935
0.11514127167865171
0.143117615020851
0.06342461392975682
0.05482505113752136
0.0634801160017005
0.11619980785297573
0.1427728997562696
0.10152301041116726
0.10152301041116726
0.09637470980693426
0.043156506617369195
0.059885408733016385
0.11472182852938392
0.11640913804542673
0.14044254819703042
0.10152301041116726
0.09637470980693426
0.12063390555952581
0.10152301041116726
0.10583159928503935
0.11472182852938392
0.11619980785297573
0.08550568381776867
0.11514127167865171
0.11472182852938392
0.10152301041116726
0.06372305307038306
0.11576083769889708
0.1037118104981782
0.10858274036203323
0.06941316833633583
0.11619980785297573
0.1427728997562696
0.12063390555952581
0.13225571381471615
0.11576083769889708
0.08133577995687556
0.07429711313114783
0.08002479710486733
0.10152301041116726
0.0695347663262135
0.14044254819703042
0.14044254819703042
0.04596422971531697
0.11110332649597433
0.06137692293053318
0.048193020712715195
0.05358249319383673
0.11472182852938392
0.06096637535961386
0.06913520807431095
0.042491919014084105
0.12063390555952581
0.11472182852938392
0.06310102296856368
0.10152301041116726
0.12063390555952581
0.11472182852938392
0.12063390555952581
0.08157734430194384
0.14044254819703042
0.10583159928503935
0.11472182852938392
0.11980729250285309
0.12053408268061644
0.044572545417288244
0.12053408268061644
0.10152301041116726
0.12053408268061644
0.11472182852938392
0.12063390555952581
0.12063390555952581
0.07323344282446635
0.05592938740392579
0.06637007952730774
0.11472182852938392
0.11472182852938392
0.10152301041116726
0.12053408268061644
0.06717179742707552
0.06965017005836335
0.10152301041116726
0.13225571381471615
0.10152301041116726
0.11472182852938392
0.05925617919400459
0.11619980785297573
0.11640913804542673
0.10583159928503935
0.040043899659630365
0.05378374693134182
0.11873804239913936
0.08545167905519892
0.06457481213838348
0.07529486001571771
0.10152301041116726
0.10152301041116726
0.10152301041116726
0.12063390555952581
0.10152301041116726
0.04348847419386723
0.045968760320031256
0.07021169050511483
0.04263852831701865
0.12053408268061644
0.10464591525432829
0.12063390555952581
0.10858274036203323
0.12063390555952581
0.09931551114426256
0.14044254819703042
0.06771748930917128
0.10583159928503935
0.06286777624139914
0.11472182852938392
0.11472182852938392
0.06490392902968528
0.12063390555952581
0.14044254819703042
0.11472182852938392
0.041160917520823175
0.11472182852938392
0.10152301041116726
0.10858274036203323
0.13225571381471615
0.08212184992224812
0.13225571381471615
0.06776198489583835
0.14044254819703042
0.03556255221112007
0.10152301041116726
0.16484426591193743
0.10152301041116726
0.07756968743748155
0.05720852932786603
0.11110332649597433
0.10152301041116726
0.11472182852938392
0.09175395521749807
0.11110332649597433
0.10152301041116726
0.03355709268605772
0.11576083769889708
0.09381470702811318
0.14044254819703042
0.11873804239913936
0.10105323037983668
0.11980729250285309
0.11980729250285309
0.06717179742707552
0.04174529774926843
0.11576083769889708
0.05267327994545498
0.06814190032435906
0.11576083769889708
0.14044254819703042
0.10903268454015336
0.049273971059009616
0.11472182852938392
0.12053408268061644
0.12063390555952581
0.10152301041116726
0.11514127167865171
0.12053408268061644
0.11110332649597433
0.1037118104981782
0.11514127167865171
0.11576083769889708
0.05562349065813063
0.09637470980693426
0.06717179742707552
0.05397532572351261
0.10152301041116726
0.040142426030089016
0.12053408268061644
0.11514127167865171
0.12962907214664623
0.07779147523814463
0.028474927160202435
0.09637470980693426
0.03396632922442023
0.057912352682325204
0.10903268454015336
0.10152301041116726
0.11472182852938392
0.12053408268061644
0.0868842072387723
0.1307007134454323
0.11576083769889708
0.06596180402412913
0.09637470980693426
0.09637470980693426
0.06759019683294115
0.1037118104981782
0.10152301041116726
0.06572433958825678
0.08134706396106056
0.09637470980693426
0.08798638172811077
0.04155164538472466
0.05615507888703212
0.05802816790160104
0.09637470980693426
0.11873804239913936
0.10653570065413963
0.11110332649597433
0.07468420580060063
0.048394488226577236
0.11110332649597433
0.09901232642226258
0.16484426591193743
0.11158910208426641
0.05702676878778919
0.09896102176988121
0.05574057446288648
0.0642810859856884
0.05480880825470132
0.12621345470844297
0.06177489165951651
0.1307007134454323
0.11110332649597433
0.09896102176988121
0.12063390555952581
0.12147519799067079
0.11576083769889708
0.055940935570658906
0.11158910208426641
0.049273971059009616
0.0530756711918708
0.12063390555952581
0.07478425537601628
0.06388193075510484
0.10513134642167192
0.020210929381757618
0.08622831400810624
0.12941077821744273
0.11472182852938392
0.13565985655328355
0.11576083769889708
0.04286349867412272
0.05397532572351261
0.0641668072695089
0.09637470980693426
0.08318264004089103
0.05114366305997674
0.13565985655328355
0.08582729912803942
0.16484426591193743
0.04121106316269607
0.11576083769889708
0.10152301041116726
0.14044254819703042
0.13565985655328355
0.16484426591193743
0.11110332649597433
0.11472182852938392
0.10513134642167192
0.09637470980693426
0.12941077821744273
0.12941077821744273
0.06880326000534968
0.06282890098848443
0.12147519799067079
0.08305789367800107
0.0445351987759093
0.12941077821744273
0.09132922646699129
0.12147519799067079
0.10513134642167192
0.04884407483750332
0.11110332649597433
0.13565985655328355
0.0851974708719031
0.11213364723305379
0.12053408268061644
0.07768139733955333
0.1307007134454323
0.045962051799084844
0.08261567409247875
0.1037118104981782
0.12147519799067079
0.07967201459034884
0.10152301041116726
0.054038782690347106
0.10152301041116726
0.12147519799067079
0.10513134642167192
0.10105323037983668
0.11110332649597433
0.13565985655328355
0.12063390555952581
0.07510330893299282
0.04900925868153418
0.11110332649597433
0.11576083769889708
0.12063390555952581
0.10105323037983668
0.07209939262026777
0.11576083769889708
0.06743386349778024
0.1037118104981782
0.1037118104981782
0.11576083769889708
0.052061016018248474
0.10894285760558503
0.14129299993154207
0.11213364723305379
0.07897022731915505
0.11576083769889708
0.02310759798413095
0.07139985341031968
0.0807944680461614
0.03419212666332386
0.12147519799067079
0.15944480018918847
0.11110332649597433
0.06567675245065532
0.15944480018918847
0.11576083769889708
0.1037118104981782
0.12147519799067079
0.055940935570658906
0.1037118104981782
0.11576083769889708
0.11110332649597433
0.11576083769889708
0.11576083769889708
0.11008673958624174
0.10152301041116726
0.09054623927848822
0.03479029682545625
0.10152301041116726
0.11110332649597433
0.04432998768860686
0.1037118104981782
0.05579944784157114
0.11576083769889708
0.12053408268061644
0.11576083769889708
0.05732409520807488
0.10513134642167192
0.04944383463161081
0.09389102459394423
0.15944480018918847
0.11576083769889708
0.05862096710730251
0.10105323037983668
0.12063390555952581
0.0474602899796335
0.1037118104981782
0.03331867618427379
0.04032766715484465
0.11576083769889708
0.11576083769889708
0.06596783965878872
0.11576083769889708
0.13025435455330917
0.08674405089588252
0.1037118104981782
0.06404584406169443
0.06548515006624665
0.027839090763393904
0.12147519799067079
0.07454813868452777
0.07145285804277796
0.10152301041116726
0.04722009845869557
0.10105323037983668
0.07391378327384864
0.11576083769889708
0.10513134642167192
0.04326376943480545
0.0833186141786009
0.12147519799067079
0.12941077821744273
0.07901281083173474
0.1037118104981782
0.11576083769889708
0.11873804239913936
0.10105323037983668
0.1481813233350493
0.140553653584961
0.11576083769889708
0.05989772125621838
0.07013275210849482
0.12147519799067079
0.1307007134454323
0.041995448603055534
0.13565985655328355
0.11576083769889708
0.12945248689006336
0.11873804239913936
0.11873804239913936
0.11576083769889708
0.13565985655328355
0.09637470980693426
0.13025435455330917
0.13565985655328355
0.10513134642167192
0.1307007134454323
0.12147519799067079
0.11576083769889708
0.12063390555952581
0.051534380443829575
0.11576083769889708
0.1307007134454323
0.10440295785005964
0.11110332649597433
0.07982365264054817
0.06471727089806092
0.0868704335599443
0.10105323037983668
0.06619198918805
0.06920722218800904
0.12147519799067079
0.07504482214614146
0.081836114923546
0.034327633471937645
0.12147519799067079
0.03493195227107319
0.11110332649597433
0.06581727091185437
0.0714946081167725
0.07800902225133183
0.0568290312602703
0.06813007299348468
0.12053408268061644
0.10105323037983668
0.0666063390748719
0.07480523903308081
0.12945248689006336
0.11576083769889708
0.06196017801800952
0.11213364723305379
0.06854616532364975
0.11576083769889708
0.11576083769889708
0.05858500523818657
0.045491993374692175
0.11576083769889708
0.12941077821744273
0.11873804239913936
0.11110332649597433
0.140553653584961
0.03073264252651784
0.12147519799067079
0.11110332649597433
0.07145285804277796
0.12063390555952581
0.140553653584961
0.08995019227533589
0.12945248689006336
0.0888986432141435
0.12147519799067079
0.0627174228692633
0.1307007134454323
0.10513134642167192
0.12945248689006336
0.12063390555952581
0.11110332649597433
0.11576083769889708
0.03918714778915721
0.140553653584961
0.1307007134454323
0.11110332649597433
0.11213364723305379
0.044659312404974366
0.11110332649597433
0.12147519799067079
0.11873804239913936
0.06471727089806092
0.10152301041116726
0.10152301041116726
0.11576083769889708
0.12941077821744273
0.11213364723305379
0.11576083769889708
0.10513134642167192
0.09637470980693426
0.09181358455863353
0.034327633471937645
0.11213364723305379
0.07401877967556414
0.04517590732520544
0.12987735419566185
0.11213364723305379
0.07233610853282005
0.10513134642167192
0.1089706578286459
0.140553653584961
0.12147519799067079
0.10105323037983668
0.140553653584961
0.03933860314723067
0.11576083769889708
0.140553653584961
0.11213364723305379
0.11213364723305379
0.11576083769889708
0.12941077821744273
0.07512704845440195
0.10152301041116726
0.08581804216881836
0.06223435470746703
0.09637470980693426
0.11110332649597433
0.11576083769889708
0.11873804239913936
0.06277536070612218
0.11213364723305379
0.19229554391587347
0.12053408268061644
0.11576083769889708
0.12147519799067079
0.12147519799067079
0.11495754752971137
0.07789578096068474
0.052320204174184204
0.140553653584961
0.11873804239913936
0.026086555822011803
0.11576083769889708
0.042184116954440375
0.11576083769889708
0.07141426695070235
0.11213364723305379
0.06909388505843408
0.13014283395521994
0.12941077821744273
0.12147519799067079
0.08731501359546143
0.10105323037983668
0.10068876629066453
0.04727585631401015
0.11576083769889708
0.08781585055426543
0.12147519799067079
0.12941077821744273
0.10513134642167192
0.03296834810976914
0.037499217828072376
0.12147519799067079
0.042931124079682303
0.11576083769889708
0.08011791341036519
0.07596104246945858
0.09454416356972037
0.10068876629066453
0.11576083769889708
0.10068876629066453
0.10513134642167192
0.04467772790657195
0.11576083769889708
0.06349593772955443
0.11213364723305379
0.036272166259734354
0.11576083769889708
0.07877468081057036
0.140553653584961
0.140553653584961
0.11576083769889708
0.03132081176404102
0.1589970155658472
0.05771049115190417
0.06229270505651194
0.12147519799067079
0.10107547423097851
0.12147519799067079
0.11576083769889708
0.07658170942773555
0.12147519799067079
0.10513134642167192
0.11873804239913936
0.10513134642167192
0.11576083769889708
0.0627451807355194
0.12941077821744273
0.10513134642167192
0.10513134642167192
0.11576083769889708
0.11213364723305379
0.11873804239913936
0.13014283395521994
0.13014283395521994
0.14069295189238473
0.06706611001623154
0.0980252058248204
0.13014283395521994
0.047010087450828325
0.07043991763429606
0.11873804239913936
0.06465125440165503
0.11576083769889708
0.12147519799067079
0.12987735419566185
0.08413181625152097
0.11213364723305379
0.11873804239913936
0.10513134642167192
0.13014283395521994
0.10513134642167192
0.07532792586039061
0.11873804239913936
0.04066794148869929
0.054687525023089
0.12207812953250433
0.12499846228428017
0.11213364723305379
0.07688152077486794
0.11576083769889708
0.15872156577207638
0.11576083769889708
0.11873804239913936
0.063621336469503
0.08081516844698466
0.10734921986013689
0.1892780774648207
0.11576083769889708
0.10105323037983668
0.12987735419566185
0.09637470980693426
0.10105323037983668
0.10068876629066453
0.04147257122770728
0.12147519799067079
0.10513134642167192
0.10105323037983668
0.11213364723305379
0.11873804239913936
0.10513134642167192
0.11576083769889708
0.12147519799067079
0.12147519799067079
0.12941077821744273
0.11576083769889708
0.03048566502287508
0.08081516844698466
0.10105323037983668
0.1116902719255126
0.10068876629066453
0.11213364723305379
0.11873804239913936
0.11873804239913936
0.10513134642167192
0.07457032742705706
0.03256885664702677
0.12941077821744273
0.07000074801297587
0.11576083769889708
0.11873804239913936
0.12941077821744273
0.07008965753261828
0.1589970155658472
0.11213364723305379
0.018427127995503924
0.12147519799067079
0.12053408268061644
0.063621336469503
0.07074546459851899
0.04953869324932069
0.140553653584961
0.10105323037983668
0.1589970155658472
0.12941077821744273
0.05197290163345919
0.05044071484438367
0.10366912930281517
0.12147519799067079
0.06531066460494381
0.058071517157757234
0.11873804239913936
0.08192615778993872
0.07703307515944308
0.11213364723305379
0.12941077821744273
0.12147519799067079
0.10105323037983668
0.13014283395521994
0.11576083769889708
0.05505721235073303
0.10513134642167192
0.10513134642167192
0.10150136967648248
0.10105323037983668
0.12941077821744273
0.06706611001623154
0.10105323037983668
0.11873804239913936
0.12147519799067079
0.12147519799067079
0.11576083769889708
0.09200016312896085
0.018427127995503924
0.1116902719255126
0.11213364723305379
0.11576083769889708
0.07707395535107713
0.15872156577207638
0.0905582890677415
0.06183474425725516
0.04057946230771667
0.11213364723305379
0.15353828701971278
0.06495834851062528
0.15872156577207638
0.11213364723305379
0.12941077821744273
0.11108873363801083
0.11576083769889708
0.11873804239913936
0.08943547853551344
0.13014283395521994
0.10105323037983668
0.05173973313272645
0.12430678091701597
0.12207812953250433
0.10513134642167192
0.05586712227558082
0.09592740539986938
0.11213364723305379
0.05165326365739016
0.140553653584961
0.12147519799067079
0.10513134642167192
0.12207812953250433
0.12053408268061644
0.05841633950626119
0.12499846228428017
0.11576083769889708
0.1296155844714353
0.11213364723305379
0.10513134642167192
0.12147519799067079
0.04008873781973127
0.12147519799067079
0.09006629433293359
0.05071497662183126
0.12207812953250433
0.12147519799067079
0.11576083769889708
0.04065371929142162
0.10105323037983668
0.10105323037983668
0.10150136967648248
0.038730070068171606
0.11213364723305379
0.10513134642167192
0.11213364723305379
0.056597869696888
0.08078952201713159
0.06602034356375416
0.10105323037983668
0.11318398584988948
0.10588890595214466
0.08873742677917389
0.12053408268061644
0.11213364723305379
0.05278689984665185
0.1296155844714353
0.1325253901933906
0.035815731530121415
0.1296155844714353
0.11576083769889708
0.1589970155658472
0.05950097728614867
0.10777652769548146
0.1325253901933906
0.11873804239913936
0.11213364723305379
0.10539695634694668
0.13014283395521994
0.11213364723305379
0.12941077821744273
0.11213364723305379
0.10105323037983668
0.11930972959025118
0.1116902719255126
0.12207812953250433
0.1296155844714353
0.10105323037983668
0.0980252058248204
0.12430678091701597
0.12147519799067079
0.10105323037983668
0.15872156577207638
0.11213364723305379
0.10150136967648248
0.12147519799067079
0.12147519799067079
0.05365028927898229
0.1296155844714353
0.10105323037983668
0.07048121959634741
0.12147519799067079
0.12941077821744273
0.11213364723305379
0.11873804239913936
0.1116902719255126
0.15872156577207638
0.11213364723305379
0.0980252058248204
0.10105323037983668
0.055980103910519184
0.07771280527317181
0.08489579794058015
0.0980252058248204
0.10588890595214466
0.12147519799067079
0.0980252058248204
0.09260555267504626
0.11213364723305379
0.06967529600472414
0.08947059576237701
0.0980252058248204
0.11576083769889708
0.1116902719255126
0.12147519799067079
0.12147519799067079
0.1116902719255126
0.04417924985025775
0.0396929535627941
0.11213364723305379
0.12380569489731005
0.07410909942219247
0.11213364723305379
0.1296155844714353
0.10105323037983668
0.10150136967648248
0.11213364723305379
0.10105323037983668
0.08535915653375138
0.10513134642167192
0.10105323037983668
0.10150136967648248
0.10105323037983668
0.12147519799067079
0.08956847159729485
0.10513134642167192
0.06365480489457323
0.08614579092469607
0.11213364723305379
0.0980252058248204
0.11213364723305379
0.07400384222133435
0.11873804239913936
0.10539695634694668
0.0752775405930809
0.06671492217572982
0.047853985167989666
0.11873804239913936
0.0769782636614498
0.08497456289121447
0.1116902719255126
0.046201330348964446
0.13014283395521994
0.10150136967648248
0.07841399032993636
0.06259079314840899
0.140553653584961
0.042315723436173215
0.0844100452687578
0.10105323037983668
0.140553653584961
0.05116626355785129
0.0657027840127296
0.11213364723305379
0.13014283395521994
0.11080985727179522
0.10588890595214466
0.08544861612630053
0.12430678091701597
0.11576083769889708
0.11213364723305379
0.05952653709737679
0.0980252058248204
0.1116902719255126
0.12147519799067079
0.11031454354093273
0.11725003556015141
0.06753338033505527
0.03792200513920603
0.053479814442807444
0.11213364723305379
0.0980252058248204
0.11213364723305379
0.061297736288992974
0.0876527910315006
0.07040425798464643
0.140553653584961
0.10105323037983668
0.230885646515384
0.053479814442807444
0.13014283395521994
0.230885646515384
0.15872156577207638
0.12430678091701597
0.07633493786078599
0.140553653584961
0.08577623854461953
0.10588890595214466
0.13867547503283484
0.10777652769548146
0.040627195305338336
0.11213364723305379
0.10539695634694668
0.10105323037983668
0.1296155844714353
0.11213364723305379
0.06388882511302839
0.11031454354093273
0.11576083769889708
0.11213364723305379
0.07930041846206236
0.12941077821744273
0.07168730051063171
0.230885646515384
0.12147519799067079
0.11213364723305379
0.057992541952367374
0.12053408268061644
0.10150136967648248
0.054361953777692915
0.15872156577207638
0.10777652769548146
0.10513134642167192
0.11213364723305379
0.140553653584961
0.11576083769889708
0.15872156577207638
0.1296155844714353
0.230885646515384
0.140553653584961
0.10588890595214466
0.140553653584961
0.11213364723305379
0.10150136967648248
0.12053408268061644
0.12053408268061644
0.10426147833552658
0.15872156577207638
0.10588890595214466
0.12941077821744273
0.1296155844714353
0.11873804239913936
0.1116902719255126
0.10539695634694668
0.11873804239913936
0.0980252058248204
0.10426147833552658
0.10150136967648248
0.07549523836612503
0.12147519799067079
0.0985171875224373
0.15872156577207638
0.140553653584961
0.11873804239913936
0.15872156577207638
0.10513134642167192
0.0980252058248204
0.10513134642167192
0.12941077821744273
0.12053408268061644
0.052161170806009044
0.10588890595214466
0.1116902719255126
0.1296155844714353
0.10539695634694668
0.1296155844714353
0.10539695634694668
0.042424912254388235
0.1296155844714353
0.10513134642167192
0.11873804239913936
0.07031866548676399
0.10150136967648248
0.10588890595214466
0.140553653584961
0.13231168553642092
0.08561681755887866
0.140553653584961
0.06424951107983269
0.04874721530407069
0.12695378423428288
0.05064077385058495
0.10588890595214466
0.15872156577207638
0.10588890595214466
0.10426147833552658
0.1296155844714353
0.11576083769889708
0.11213364723305379
0.1116902719255126
0.0770914844919938
0.12955321299235048
0.12147519799067079
0.11873804239913936
0.10242977409813082
0.1116902719255126
0.15872156577207638
0.07709224902821107
0.0980252058248204
0.1116902719255126
0.11213364723305379
0.12547403349595168
0.08564094630786788
0.10588890595214466
0.15872156577207638
0.0443686555963958
0.12147519799067079
0.0980252058248204
0.11873804239913936
0.11725003556015141
0.11213364723305379
0.04789181552193801
0.10105323037983668
0.06229047922153384
0.140553653584961
0.07103858027558967
0.04624065966883406
0.10513134642167192
0.1296155844714353
0.140553653584961
0.09530014973310397
0.049602913218244477
0.03413421157316781
0.11873804239913936
0.15872156577207638
0.13014283395521994
0.15872156577207638
0.040866256504668685
0.050633132899430944
0.06345496705927685
0.1116902719255126
0.1296155844714353
0.05441511521780469
0.1296155844714353
0.10703688382101305
0.11576083769889708
0.10703688382101305
0.1116902719255126
0.11213364723305379
0.11979670675375059
0.11576083769889708
0.15872156577207638
0.140553653584961
0.11213364723305379
0.12695378423428288
0.10588890595214466
0.10777652769548146
0.04064567590763917
0.0993631580944874
0.12147519799067079
0.1631596738714959
0.12147519799067079
0.04852543479839386
0.12147519799067079
0.10588890595214466
0.10539695634694668
0.12231110232774288
0.053137662553945156
0.15872156577207638
0.0980252058248204
0.12464177302162
0.10426147833552658
0.15872156577207638
0.10703688382101305
0.140553653584961
0.10539695634694668
0.0985171875224373
0.11725003556015141
0.10703688382101305
0.11725003556015141
0.11725003556015141
0.1557700361538724
0.05216777386042491
0.04532775745285291
0.1296155844714353
0.06430655238701481
0.0980252058248204
0.11213364723305379
0.10105323037983668
0.10777652769548146
0.053441272695034646
0.11725003556015141
0.12464177302162
0.08772136591188776
0.0875018917671171
0.15318154324798428
0.12147519799067079
0.12147519799067079
0.12147519799067079
0.08521916830077882
0.1557700361538724
0.11213364723305379
0.1296155844714353
0.11213364723305379
0.0980252058248204
0.10426147833552658
0.06560234554726783
0.10539695634694668
0.11213364723305379
0.1116902719255126
0.10539695634694668
0.230885646515384
0.10539695634694668
0.06665793102841139
0.08254713046208483
0.06599128488335272
0.0980252058248204
0.15872156577207638
0.140553653584961
0.04064567590763917
0.10150136967648248
0.0980252058248204
0.11725003556015141
0.10539695634694668
0.08235872854382585
0.12695378423428288
0.1296155844714353
0.09915735337508011
0.12053408268061644
0.03921315792858014
0.05808801757441913
0.0993631580944874
0.230885646515384
0.0818935196234704
0.12547403349595168
0.09432463350248355
0.1116902719255126
0.10539695634694668
0.06637357538301616
0.0980252058248204
0.0980252058248204
0.08459649537207226
0.10105323037983668
0.06726177934043373
0.11213364723305379
0.07798656631200541
0.13014283395521994
0.140553653584961
0.11725003556015141
0.11873804239913936
0.12147519799067079
0.12547403349595168
0.17117242442033198
0.1116902719255126
0.024082334908827753
0.11213364723305379
0.10150136967648248
0.12547403349595168
0.04902182496514964
0.0847466901710089
0.11213364723305379
0.10105323037983668
0.12464177302162
0.12053408268061644
0.11213364723305379
0.12403388822072317
0.12547403349595168
0.230885646515384
0.06871923937922407
0.07302143326999398
0.10105323037983668
0.10513134642167192
0.12695378423428288
0.054793283112149614
0.10426147833552658
0.10105323037983668
0.0985171875224373
0.0827716910350988
0.10539695634694668
0.06122331390236596
0.12147519799067079
0.04755946194764338
0.0980252058248204
0.055222053601697595
0.0993631580944874
0.12695378423428288
0.12695378423428288
0.10105323037983668
0.0736136756541149
0.0650762477921188
0.08107534205346938
0.10513134642167192
0.060962183758004544
0.10588890595214466
0.041249296760728305
0.10861700128116716
0.11213364723305379
0.0980252058248204
0.07717934106530872
0.10539695634694668
0.048028764853510236
0.10539695634694668
0.11213364723305379
0.07428988462645189
0.10685018669879144
0.11213364723305379
0.140553653584961
0.10588890595214466
0.0980252058248204
0.07469525693219453
0.09455562823710897
0.11725003556015141
0.03413440027755994
0.10588890595214466
0.0980252058248204
0.12147519799067079
0.10105323037983668
0.12231110232774288
0.06962745846721928
0.08699598613447691
0.0980252058248204
0.1344698144996289
0.10588890595214466
0.0980252058248204
0.15872156577207638
0.10588890595214466
0.12695378423428288
0.10513134642167192
0.12464177302162
0.10588890595214466
0.0980252058248204
0.12147519799067079
0.06140570842836378
0.05063915134736781
0.10747827980078245
0.12231110232774288
0.17117242442033198
0.09118174347542034
0.03413440027755994
0.09850553451843375
0.03413440027755994
0.06469261116494279
0.230885646515384
0.12147519799067079
0.07469525693219453
0.09850553451843375
0.0980252058248204
0.10539695634694668
0.10426147833552658
0.09850553451843375
0.0980252058248204
0.10588890595214466
0.10588890595214466
0.1557700361538724
0.10588890595214466
0.04997216314387691
0.10426147833552658
0.09705485126664119
0.10539695634694668
0.06956545596582883
0.0980252058248204
0.12695378423428288
0.140553653584961
0.08956212819192988
0.10105323037983668
0.1296155844714353
0.03327005644536235
0.140553653584961
0.12695378423428288
0.15872156577207638
0.0980252058248204
0.17117242442033198
0.12464177302162
0.03401423545001366
0.10588890595214466
0.10588890595214466
0.10539695634694668
0.12547403349595168
0.1557700361538724
0.044597117532865854
0.07389200860078293
0.09560634498337069
0.15872156577207638
0.1557700361538724
0.12547403349595168
0.08034912107454881
0.1791014562589235
0.140553653584961
0.1557700361538724
0.07498071074641914
0.10539695634694668
0.10539695634694668
0.10150136967648248
0.10105323037983668
0.0985171875224373
0.08041922325611889
0.1791014562589235
0.10105323037983668
0.140553653584961
0.10513134642167192
0.12403388822072317
0.12147519799067079
0.12147519799067079
0.12147519799067079
0.230885646515384
0.10588890595214466
0.140553653584961
0.12695378423428288
0.055714879179361944
0.09485336856817647
0.14286213669425638
0.07239471490190544
0.12147519799067079
0.1296155844714353
0.05591269818405379
0.10539695634694668
0.07197762027364578
0.140553653584961
0.15872156577207638
0.06464623344582815
0.230885646515384
0.140553653584961
0.09705485126664119
0.12403388822072317
0.12147519799067079
0.09850553451843375
0.04214893590013467
0.06625987313560584
0.12464177302162
0.08897069226940522
0.10513134642167192
0.09911876354968122
0.049787693434141085
0.09850553451843375
0.10513134642167192
0.10539695634694668
0.06809625523891882
0.052456190220137484
0.055714879179361944
0.12547403349595168
0.07168438908867185
0.1865152316113858
0.07611218310992897
0.07144276108675454
0.10426147833552658
0.09850553451843375
0.0673048364211196
0.140553653584961
0.04648677114549349
0.12464177302162
0.140553653584961
0.08072739465055322
0.0980252058248204
0.10105323037983668
0.1252877794487132
0.1296155844714353
0.07460708187175615
0.08526435240955975
0.049535979693346145
0.1073021335171952
0.0980252058248204
0.041531404091320834
0.10083805376874555
0.09850553451843375
0.10588890595214466
0.0400754252798139
0.09850553451843375
0.1116902719255126
0.12695378423428288
0.05493133717681444
0.12147519799067079
0.11213364723305379
0.15872156577207638
0.078582350939242
0.12547403349595168
0.12147519799067079
0.15872156577207638
0.08284399579541668
0.08733882190002372
0.10703688382101305
0.10703688382101305
0.14689082754114086
0.1367366199559751
0.0980252058248204
0.09850553451843375
0.140553653584961
0.09915735337508011
0.06226580852723574
0.10539695634694668
0.09915735337508011
0.0993631580944874
0.12464177302162
0.07203597013173739
0.04787154489632073
0.12464177302162
0.08243776333850952
0.10703688382101305
0.09915735337508011
0.067935425063767
0.10539695634694668
0.0474026476683177
0.1296155844714353
0.06760051140158135
0.1296155844714353
0.1296155844714353
0.15872156577207638
0.047113791226926875
0.1296155844714353
0.06921340256147775
0.07513594739460219
0.10539695634694668
0.09915735337508011
0.15872156577207638
0.03467292891870433
0.10539695634694668
0.1296155844714353
0.10839248495955194
0.07704104288992729
0.07743569665702371
0.11801230587649872
0.140553653584961
0.12464177302162
0.0980252058248204
0.12464177302162
0.12568467429458116
0.07993550637513558
0.0980252058248204
0.09705485126664119
0.09349226637192573
0.10141162464816478
0.230885646515384
0.10588890595214466
0.12147519799067079
0.07460708187175615
0.08376105121761959
0.09915735337508011
0.09944984111596913
0.0980252058248204
0.1376767573085818
0.054913389332757065
0.140553653584961
0.10539695634694668
0.14689082754114086
0.09705485126664119
0.07285931731933896
0.10539695634694668
0.08162575537862875
0.051164435139409055
0.09146127375224201
0.0993631580944874
0.12464177302162
0.05402326975883244
0.06532390323177208
0.10539695634694668
0.03996465177749113
0.10539695634694668
0.1073021335171952
0.0980252058248204
0.06814212451981347
0.09915735337508011
0.10539695634694668
0.014978257373888755
0.07960546319442331
0.0993631580944874
0.10539695634694668
0.12547403349595168
0.10539695634694668
0.12547403349595168
0.12464177302162
0.054913389332757065
0.08718217124183218
0.0697193171806677
0.03708427101655452
0.06226029814411433
0.027680522057025682
0.07042855949331403
0.0980252058248204
0.09217731433825814
0.10539695634694668
0.140553653584961
0.09141167034864225
0.10539695634694668
0.12547403349595168
0.12464177302162
0.10539695634694668
0.1073021335171952
0.09915735337508011
0.07120400206678422
0.10764605990795406
0.06279398412169969
0.05958092909530066
0.07506908371719496
0.07205178897092057
0.07788989037291616
0.10539695634694668
0.10539695634694668
0.05241501090869788
0.09724625716081745
0.09915735337508011
0.1073021335171952
0.0993631580944874
0.10764605990795406
0.09915735337508011
0.08504589447061116
0.12547403349595168
0.1386380941034504
0.09915735337508011
0.07184158697998494
0.0980252058248204
0.053230778837304336
0.10539695634694668
0.230885646515384
0.09915735337508011
0.13259270262087655
0.06521923387097382
0.09915735337508011
0.12464177302162
0.15588123016352104
0.09140503594117165
0.08432506228891977
0.09915735337508011
0.230885646515384
0.06093068388777998
0.12464177302162
0.07135643947361038
0.230885646515384
0.11725003556015141
0.051716216350886406
0.11725003556015141
0.0980252058248204
0.08453705181815303
0.1252877794487132
0.10539695634694668
0.140553653584961
0.12464177302162
0.0980252058248204
0.019918767187201696
0.10839248495955194
0.04470179350096205
0.12464177302162
0.06532390323177208
0.03356158598386524
0.051362679999363996
0.09035092469348217
0.09915735337508011
0.1073021335171952
0.05427394177506464
0.10703688382101305
0.03971080070328846
0.10839248495955194
0.09455340777532102
0.03467292891870433
0.10539695634694668
0.040627477012718086
0.06075227048970244
0.04643313422980855
0.057907586706736104
0.10670212207650762
0.09668989464426654
0.10670212207650762
0.09915735337508011
0.038330837825967835
0.1073021335171952
0.09915735337508011
0.0980252058248204
0.10764605990795406
0.07899968913541341
0.09490289810102268
0.09043893783552763
0.10839248495955194
0.08447992911648484
0.230885646515384
0.1386380941034504
0.07603833888125312
0.03700776641348912
0.0993631580944874
0.024198413230803215
0.0993631580944874
0.12464177302162
0.1073021335171952
0.1073021335171952
0.04470179350096205
0.09668989464426654
0.09915735337508011
0.0993631580944874
0.07089573959143919
0.033277861070581165
0.11725003556015141
0.0993631580944874
0.10280631097870935
0.0993631580944874
0.09668989464426654
0.12464177302162
0.07136744701553452
0.0993631580944874
0.06858729006376103
0.0993631580944874
0.0993631580944874
0.10280631097870935
0.107043360564624
0.12464177302162
0.09915735337508011
0.1252877794487132
0.10839248495955194
0.03700776641348912
0.0993631580944874
0.0804038857985766
0.12464177302162
0.1073021335171952
0.03266091915647237
0.09668989464426654
0.07538862501696326
0.10539695634694668
0.10539695634694668
0.1073021335171952
0.06075227048970244
0.09915735337508011
0.05975121565926481
0.11113709870019334
0.033277861070581165
0.0626539767407563
0.230885646515384
0.11770045630571853
0.09064373129360809
0.11725003556015141
0.09392174912804986
0.0993631580944874
0.10539695634694668
0.05992977410523464
0.0993631580944874
0.06532390323177208
0.11725003556015141
0.140553653584961
0.10280631097870935
0.10539695634694668
0.08842322053652195
0.05882238353540835
0.10539695634694668
0.04460173678481274
0.11725003556015141
0.12547403349595168
0.04817895567101738
0.09015097886651606
0.07037567682348618
0.0993631580944874
0.08373030138931142
0.06894547978994864
0.10280631097870935
0.06535553312352016
0.1252877794487132
0.11725003556015141
0.06018315848554691
0.0878704603105024
0.0639679413572651
0.1386380941034504
0.1386380941034504
0.0993631580944874
0.07200743263196335
0.030926235639585974
0.11725003556015141
0.05681111864673655
0.1252877794487132
0.0993631580944874
0.1252877794487132
0.10280631097870935
0.11725003556015141
0.0980252058248204
0.11770045630571853
0.028041417386316242
0.1386380941034504
0.10284087444031809
0.07588164294772846
0.107043360564624
0.06769987330978783
0.11725003556015141
0.11725003556015141
0.13259270262087655
0.140553653584961
0.13589582312132087
0.0907919700529552
0.12547403349595168
0.10539695634694668
0.04489746442729608
0.051589729194542945
0.05356313149386395
0.1073021335171952
0.042352334646803255
0.1386380941034504
0.08484801427188296
0.1386380941034504
0.11725003556015141
0.08719865325008132
0.1252877794487132
0.230885646515384
0.0993631580944874
0.05375764169650613
0.06839203581451395
0.0688819454047584
0.1087747651240938
0.07619157627315418
0.1386380941034504
0.08335443851322402
0.12464177302162
0.1386380941034504
0.13408090166226116
0.05516251763714017
0.12547403349595168
0.0730238007381574
0.12547403349595168
0.11725003556015141
0.0993631580944874
0.1087747651240938
0.12547403349595168
0.1386380941034504
0.08276120876769624
0.02651184885200869
0.1252877794487132
0.04460173678481274
0.11725003556015141
0.07116407501097824
0.10539695634694668
0.10539695634694668
0.1386380941034504
0.04460173678481274
0.10539695634694668
0.0993631580944874
0.1386380941034504
0.10539695634694668
0.12464177302162
0.09388213200052738
0.10539695634694668
0.06007379477657614
0.09453858681209948
0.09548036891948802
0.12464177302162
0.12547403349595168
0.09915735337508011
0.06477180162386083
0.11725003556015141
0.10539695634694668
0.1087747651240938
0.04721452832631287
0.04285775050633548
0.04976834848947722
0.09915735337508011
0.10764605990795406
0.09486322853275805
0.10045735692468871
0.10348264882074096
0.10764605990795406
0.10764605990795406
0.10764605990795406
0.09846792458829205
0.0993631580944874
0.1087747651240938
0.07507316764181493
0.11725003556015141
0.07182121283893103
0.09915735337508011
0.04898895026518432
0.04805842686582067
0.1073021335171952
0.12464177302162
0.0993631580944874
0.0993631580944874
0.12464177302162
0.09602524482427305
0.1087747651240938
0.04550601254655415
0.08487875873180878
0.06614220006121109
0.1252877794487132
0.07175987583419995
0.06904358718467946
0.038750477775382035
0.028325770640379683
0.0993631580944874
0.1386380941034504
0.13246717160232443
0.049736293357111196
0.06047970328442261
0.12464177302162
0.12464177302162
0.0993631580944874
0.06976843963045037
0.10045735692468871
0.04151788798768844
0.07520722064392482
0.13246717160232443
0.1386380941034504
0.12464177302162
0.08256975860325792
0.1073021335171952
0.08834131248756777
0.10764605990795406
0.1073021335171952
0.10764605990795406
0.0993631580944874
0.10207532170641997
0.1252877794487132
0.050660664731707765
0.042259054720059856
0.1087747651240938
0.0993631580944874
0.05889088320078601
0.1252877794487132
0.06548627680744414
0.12464177302162
0.10764605990795406
0.06668856875234924
0.1386380941034504
0.04509198439947802
0.04939512839922795
0.10123295113592785
0.1087747651240938
0.10539695634694668
0.1087747651240938
0.1087747651240938
0.03025951800243216
0.12297536378997526
0.05280236134083844
0.020915589261558933
0.07341909430574037
0.1252877794487132
0.07113638009867115
0.03922784349790796
0.08252178710941874
0.0733852205007018
0.1252877794487132
0.1252877794487132
0.020915589261558933
0.06705483247753545
0.1087747651240938
0.06976843963045037
0.1252877794487132
0.1087747651240938
0.1252877794487132
0.0993631580944874
0.10055621593946665
0.13259270262087655
0.12547403349595168
0.10280631097870935
0.11942766478318444
0.11725003556015141
0.054027561442727356
0.04607793224935435
0.05858821439250744
0.1252877794487132
0.1252877794487132
0.1073021335171952
0.10764605990795406
0.12547403349595168
0.06855492666418925
0.04373184560160872
0.1252877794487132
0.1252877794487132
0.1252877794487132
0.09915735337508011
0.08014485777070016
0.0993631580944874
0.12297536378997526
0.1087747651240938
0.12297536378997526
0.06297468618251986
0.0819154181292759
0.10764605990795406
0.09915735337508011
0.12297536378997526
0.06112695392540441
0.11046101672527665
0.10207532170641997
0.0993631580944874
0.1252877794487132
0.10280631097870935
0.07305477772928222
0.1252877794487132
0.08758242021608421
0.06799555922859024
0.1252877794487132
0.11725003556015141
0.1252877794487132
0.10801304888892908
0.10413464191598752
0.08077734156440487
0.13259270262087655
0.045720099348218676
0.1073021335171952
0.0993631580944874
0.0993631580944874
0.058764269407547455
0.03227859605572822
0.07236238496367774
0.11725003556015141
0.1252877794487132
0.06906186479530703
0.1252877794487132
0.1386380941034504
0.1386380941034504
0.059384032576697575
0.1073021335171952
0.11770045630571853
0.1073021335171952
0.1252877794487132
0.09915735337508011
0.06594225491457127
0.0993631580944874
0.1386380941034504
0.06168337058458079
0.1252877794487132
0.0993631580944874
0.07366025620625016
0.10413464191598752
0.19066381413869254
0.1252877794487132
0.13259270262087655
0.0993631580944874
0.05439205934809093
0.1073021335171952
0.08322313075993613
0.0492998141234231
0.10652029536069207
0.1386380941034504
0.0993631580944874
0.11770045630571853
0.1252877794487132
0.0993631580944874
0.107043360564624
0.10539695634694668
0.1386380941034504
0.1252877794487132
0.09737265515628363
0.10280631097870935
0.06136922147518341
0.07601941794048825
0.08765096458976773
0.10801304888892908
0.050294361903704364
0.0993631580944874
0.0993631580944874
0.1087747651240938
0.1386380941034504
0.06707156612948725
0.19066381413869254
0.1252877794487132
0.1073021335171952
0.08747335265971515
0.1386380941034504
0.10539695634694668
0.10652029536069207
0.048332344788837606
0.061308646690484754
0.12547403349595168
0.0993631580944874
0.1252877794487132
0.10207532170641997
0.060735545455259506
0.10207532170641997
0.10700793960281868
0.1087747651240938
0.0993631580944874
0.0993631580944874
0.10207532170641997
0.1073021335171952
0.1386380941034504
0.0899718208761943
0.06396892399080968
0.10413464191598752
0.1252877794487132
0.0993631580944874
0.1073021335171952
0.05394485022466556
0.0993631580944874
0.10700793960281868
0.09915735337508011
0.10280631097870935
0.10280631097870935
0.10539695634694668
0.0993631580944874
0.0896255019636827
0.1386380941034504
0.0492998141234231
0.0889092658427459
0.1386380941034504
0.10764605990795406
0.12547403349595168
0.10280631097870935
0.13259270262087655
0.11770045630571853
0.1252877794487132
0.1087747651240938
0.04949091963536383
0.1386380941034504
0.1252877794487132
0.1087747651240938
0.06830485444386032
0.08136543490138114
0.0993631580944874
0.11770045630571853
0.1073021335171952
0.1087747651240938
0.12464177302162
0.0993631580944874
0.10207532170641997
0.06639065360823962
0.06800392697414448
0.10207532170641997
0.08761734149119522
0.0993631580944874
0.1386380941034504
0.1386380941034504
0.13259270262087655
0.10801304888892908
0.040662733752126354
0.1252877794487132
0.19066381413869254
0.0993631580944874
0.12547403349595168
0.1386380941034504
0.1073021335171952
0.0993631580944874
0.10207532170641997
0.12464177302162
0.12464177302162
0.1386380941034504
0.1087747651240938
0.11770045630571853
0.05678837391836583
0.07445733995362133
0.09058977437313552
0.1252877794487132
0.11321439739678675
0.10207532170641997
0.051540967409844284
0.1386380941034504
0.1252877794487132
0.08585833888205029
0.19066381413869254
0.0993631580944874
0.10207532170641997
0.1386380941034504
0.07652410094228376
0.13259270262087655
0.0677247721059914
0.13259270262087655
0.13259270262087655
0.1087747651240938
0.05074607030603374
0.1386380941034504
0.12547403349595168
0.0619229641921178
0.1386380941034504
0.13259270262087655
0.10801304888892908
0.11350761508861684
0.1252877794487132
0.048543351938512044
0.06136922147518341
0.048543351938512044
0.11942766478318444
0.05797707014685529
0.056083434659481006
0.10413464191598752
0.1087747651240938
0.08704356802230351
0.1252877794487132
0.07005659370427737
0.10207532170641997
0.06316606918631751
0.1386380941034504
0.10764605990795406
0.11770045630571853
0.10207532170641997
0.11770045630571853
0.048543351938512044
0.10207532170641997
0.08848184866830183
0.1087747651240938
0.1073021335171952
0.1087747651240938
0.13259270262087655
0.1252877794487132
0.10655249342192519
0.1252877794487132
0.09382769150227988
0.05827233943207505
0.1252877794487132
0.11942766478318444
0.12464177302162
0.05748107589602539
0.10207532170641997
0.07318989065249333
0.10207532170641997
0.09890405330344695
0.0993631580944874
0.12547403349595168
0.10207532170641997
0.12464177302162
0.1386380941034504
0.0747395810376881
0.1386380941034504
0.12547403349595168
0.13259270262087655
0.10207532170641997
0.1087747651240938
0.09890405330344695
0.1252877794487132
0.06230495373924978
0.1087747651240938
0.09407199261093296
0.1386380941034504
0.1386380941034504
0.10801304888892908
0.12464177302162
0.09377460311239912
0.13259270262087655
0.1252877794487132
0.08983571295546726
0.10207532170641997
0.1073021335171952
0.07962120691470863
0.10652029536069207
0.06387248063588627
0.1252877794487132
0.10260573191801546
0.11942766478318444
0.10200860462832012
0.10700793960281868
0.1252877794487132
0.1087747651240938
0.05138218778747329
0.1252877794487132
0.1386380941034504
0.1087747651240938
0.09890405330344695
0.1087747651240938
0.1252877794487132
0.07920982538501091
0.11875029031836912
0.10207532170641997
0.1252877794487132
0.10207532170641997
0.13259270262087655
0.1252877794487132
0.10207532170641997
0.11770045630571853
0.1252877794487132
0.1386380941034504
0.10207532170641997
0.09559263829636658
0.1252877794487132
0.03699455108237258
0.1252877794487132
0.1087747651240938
0.10413464191598752
0.11942766478318444
0.1073021335171952
0.08084210053917859
0.06643794504081696
0.1386380941034504
0.08959229804687194
0.1386380941034504
0.05604712118166136
0.1386380941034504
0.10207532170641997
0.08114294843755229
0.13259270262087655
0.1087747651240938
0.10764605990795406
0.1252877794487132
0.11942766478318444
0.11770045630571853
0.10207532170641997
0.10764605990795406
0.04966905120277651
0.1252877794487132
0.0993631580944874
0.13259270262087655
0.10207532170641997
0.1087747651240938
0.0922517879560939
0.10207532170641997
0.1087747651240938
0.1252877794487132
0.10652029536069207
0.10652029536069207
0.10700793960281868
0.13259270262087655
0.1087747651240938
0.06312260805200301
0.05672671147800514
0.09554827671502172
0.0483376620282875
0.057289359790940644
0.10200860462832012
0.09101020615251887
0.1252877794487132
0.1073021335171952
0.11942766478318444
0.09958427853168247
0.09078857341233777
0.10207532170641997
0.1073021335171952
0.10207532170641997
0.10207532170641997
0.1087747651240938
0.0797121838221719
0.12464177302162
0.05524528470751518
0.1386380941034504
0.0993631580944874
0.1252877794487132
0.10207532170641997
0.1252877794487132
0.1386380941034504
0.1252877794487132
0.10200860462832012
0.06664425453670605
0.09140430996848758
0.060342517783937594
0.06000943684756262
0.07311511974496583
0.10764605990795406
0.1252877794487132
0.10207532170641997
0.10207532170641997
0.10260573191801546
0.1360996094232611
0.10207532170641997
0.10207532170641997
0.1252877794487132
0.13259270262087655
0.06897115477399247
0.13259270262087655
0.06688406565297648
0.11770045630571853
0.06717253217636887
0.1087747651240938
0.04948288265004175
0.1252877794487132
0.1087747651240938
0.10260573191801546
0.07462848736347133
0.1252877794487132
0.0993631580944874
0.10207532170641997
0.1252877794487132
0.13259270262087655
0.1252877794487132
0.11712763909335124
