Affinity
0.09759547007439817
0.15527961798589188
0.09759547007439817
0.10450797421386807
0.15691349164705243
0.09759547007439817
0.10450797421386807
0.15527961798589188
0.09759547007439817
0.09759547007439817
0.10450797421386807
0.09759547007439817
0.1281104201903791
0.09933260284292349
0.10450797421386807
0.1281104201903791
0.1281104201903791
0.09759547007439817
0.15527961798589188
0.11063212825284854
0.12048226295257396
0.15527961798589188
0.12048226295257396
0.09933260284292349
0.2084297279262064
0.1002620303931988
0.09759547007439817
0.09933260284292349
0.10326140980412962
0.10413999049496835
0.09759547007439817
0.10450797421386807
0.12057508679210457
0.09940026959430118
0.10413999049496835
0.11015476344455757
0.09933260284292349
0.09933260284292349
0.11063212825284854
0.15527961798589188
0.09759547007439817
0.09759547007439817
0.10326140980412962
0.11015476344455757
0.11063212825284854
0.10413999049496835
0.10413999049496835
0.09940026959430118
0.10326140980412962
0.036509099310878826
0.09933260284292349
0.13479588754224317
0.10413999049496835
0.09933260284292349
0.1002620303931988
0.09933260284292349
0.09940026959430118
0.11063212825284854
0.09933260284292349
0.11063212825284854
0.10111511046112988
0.13895381321268235
0.11063212825284854
0.12057508679210457
0.15227932229830723
0.09882454605869553
0.10450797421386807
0.12057508679210457
0.09940026959430118
0.09882454605869553
0.09933260284292349
0.10413999049496835
0.10413999049496835
0.09882454605869553
0.09882454605869553
0.15227932229830723
0.09933260284292349
0.09759547007439817
0.11063212825284854
0.12057508679210457
0.10450797421386807
0.09933260284292349
0.09759547007439817
0.10450797421386807
0.1002620303931988
0.09940026959430118
0.10413999049496835
0.11063212825284854
0.15227932229830723
0.11063212825284854
0.12057508679210457
0.11063212825284854
0.09940026959430118
0.12057508679210457
0.12057508679210457
0.11063212825284854
0.11063212825284854
0.11063212825284854
0.11063212825284854
0.11015476344455757
0.11063212825284854
0.09933260284292349
0.11063212825284854
0.09940026959430118
0.09933260284292349
0.11015476344455757
0.09933260284292349
0.09933260284292349
0.10413999049496835
0.10413999049496835
0.09940026959430118
0.09882454605869553
0.10413999049496835
0.1002620303931988
0.13479588754224317
0.11015476344455757
0.12057508679210457
0.09940026959430118
0.11063212825284854
0.10474661607407514
0.10413999049496835
0.12057508679210457
0.12057508679210457
0.09940026959430118
0.11063212825284854
0.11015476344455757
0.09940026959430118
0.13479588754224317
0.09933260284292349
0.11063212825284854
0.12633803108718503
0.09933260284292349
0.09759547007439817
0.13895381321268235
0.12633803108718503
0.10413999049496835
0.12057508679210457
0.11015476344455757
0.11063212825284854
0.11063212825284854
0.10413999049496835
0.1077404426960951
0.11063212825284854
0.09882454605869553
0.09933260284292349
0.11015476344455757
0.1002620303931988
0.1002620303931988
0.13479588754224317
0.11063212825284854
0.13895381321268235
0.11063212825284854
0.09725641745153724
0.11063212825284854
0.09933260284292349
0.11063212825284854
0.09940026959430118
0.1002620303931988
0.10413999049496835
0.11015476344455757
0.10326140980412962
0.10413999049496835
0.09940026959430118
0.11015476344455757
0.13479588754224317
0.13479588754224317
0.12633803108718503
0.11063212825284854
0.11015476344455757
0.10413999049496835
0.09882454605869553
0.13895381321268235
0.10413999049496835
0.10413999049496835
0.11063212825284854
0.11015476344455757
0.09940026959430118
0.13142223142721127
0.11063212825284854
0.09933260284292349
0.12057508679210457
0.10413999049496835
0.11015476344455757
0.1002620303931988
0.11063212825284854
0.10474661607407514
0.11259018744194631
0.10326140980412962
0.12057508679210457
0.10413999049496835
0.1169976425484627
0.1169976425484627
0.11063212825284854
0.11063212825284854
0.1002620303931988
0.13895381321268235
0.10291401631672421
0.11015476344455757
0.11063212825284854
0.09933260284292349
0.1169976425484627
0.10413999049496835
0.11015476344455757
0.1002620303931988
0.11063212825284854
0.10291401631672421
0.09940026959430118
0.09940026959430118
0.09882454605869553
0.11063212825284854
0.09940026959430118
0.1169976425484627
0.09726525584109956
0.09933260284292349
0.11063212825284854
0.09940026959430118
0.11063212825284854
0.11063212825284854
0.1169976425484627
0.13142223142721127
0.12633803108718503
0.13895381321268235
0.11015476344455757
0.15152717994578932
0.11259018744194631
0.09940026959430118
0.15152717994578932
0.09882454605869553
0.10326140980412962
0.10413999049496835
0.10717559173539665
0.13048122220487593
0.12057508679210457
0.11063212825284854
0.11063212825284854
0.11063212825284854
0.09940026959430118
0.11063212825284854
0.09940026959430118
0.11015476344455757
0.1169976425484627
0.11125882021580143
0.11063212825284854
0.11063212825284854
0.11063212825284854
0.10326140980412962
0.09882454605869553
0.11063212825284854
0.09940026959430118
0.09933260284292349
0.13048122220487593
0.12057508679210457
0.11015476344455757
0.15152717994578932
0.09940026959430118
0.09940026959430118
0.12057508679210457
0.11063212825284854
0.09725641745153724
0.12057508679210457
0.11651984576832612
0.09725641745153724
0.13048122220487593
0.15152717994578932
0.09933260284292349
0.10891361038266523
0.11063212825284854
0.11063212825284854
0.09882454605869553
0.09933260284292349
0.09882454605869553
0.09726525584109956
0.11063212825284854
0.09940026959430118
0.09882454605869553
0.0995447753142823
0.1077404426960951
0.11015476344455757
0.13142223142721127
0.10413999049496835
0.11259018744194631
0.11015476344455757
0.12057508679210457
0.12057508679210457
0.09882454605869553
0.1077404426960951
0.11063212825284854
0.13048122220487593
0.12057508679210457
0.12057508679210457
0.11259018744194631
0.1169976425484627
0.09726525584109956
0.09882454605869553
0.10326140980412962
0.11270537313462199
0.13142223142721127
0.10413999049496835
0.10413999049496835
0.11063212825284854
0.09933260284292349
0.05547084806483484
0.10326140980412962
0.09882454605869553
0.05547084806483484
0.15152717994578932
0.11015476344455757
0.10326140980412962
0.09882454605869553
0.12057508679210457
0.11063212825284854
0.11063212825284854
0.10572387455687421
0.09940026959430118
0.13142223142721127
0.09726525584109956
0.13048122220487593
0.12057508679210457
0.15152717994578932
0.09940026959430118
0.09882454605869553
0.1169976425484627
0.1077404426960951
0.1077404426960951
0.12057508679210457
0.1077404426960951
0.11063212825284854
0.1169976425484627
0.1169976425484627
0.12057508679210457
0.1169976425484627
0.09933260284292349
0.1169976425484627
0.10291401631672421
0.1169976425484627
0.1169976425484627
0.1169976425484627
0.09940026959430118
0.12057508679210457
0.11125882021580143
0.11651984576832612
0.15152717994578932
0.1169976425484627
0.11270537313462199
0.0995447753142823
0.1169976425484627
0.12057508679210457
0.12057508679210457
0.09726525584109956
0.11063212825284854
0.10291401631672421
0.1169976425484627
0.09726525584109956
0.09940026959430118
0.1169976425484627
0.11250338319374834
0.1169976425484627
0.09882454605869553
0.1169976425484627
0.11270537313462199
0.12057508679210457
0.1329965848519636
0.09940026959430118
0.1329965848519636
0.11259018744194631
0.11270537313462199
0.10717559173539665
0.10717559173539665
0.1169976425484627
0.1169976425484627
0.11270537313462199
0.1169976425484627
0.13142223142721127
0.13048122220487593
0.13048122220487593
0.09940026959430118
0.09940026959430118
0.10717559173539665
0.10717559173539665
0.13525869586339412
0.1169976425484627
0.11270537313462199
0.12057508679210457
0.11270537313462199
0.1329965848519636
0.10717559173539665
0.09940026959430118
0.09726525584109956
0.10717559173539665
0.1169976425484627
0.11270537313462199
0.09726525584109956
0.11259018744194631
0.10717559173539665
0.09940026959430118
0.09726525584109956
0.10891361038266523
0.1169976425484627
0.0995447753142823
0.0995447753142823
0.11270537313462199
0.11270537313462199
0.09726525584109956
0.09726525584109956
0.10080274275788396
0.11270537313462199
0.1169976425484627
0.10572387455687421
0.09940026959430118
0.11088931337364041
0.1169976425484627
0.10291401631672421
0.10291401631672421
0.1169976425484627
0.09726525584109956
0.10891361038266523
0.09726525584109956
0.10291401631672421
0.11259018744194631
0.10291401631672421
0.0995447753142823
0.1329965848519636
0.10291401631672421
0.05382059986700286
0.11088931337364041
0.1169976425484627
0.09726525584109956
0.13142223142721127
0.11270537313462199
0.1169976425484627
0.1329965848519636
0.13142223142721127
0.11270537313462199
0.11270537313462199
0.11270537313462199
0.0995447753142823
0.16358599800973037
0.1329965848519636
0.1169976425484627
0.1169976425484627
0.13048122220487593
0.1169976425484627
0.09903755024338556
0.11420313132655649
0.11250338319374834
0.11259018744194631
0.10291401631672421
0.0995447753142823
0.10291401631672421
0.10080274275788396
0.09726525584109956
0.10291401631672421
0.09982651675705237
0.10080274275788396
0.13048122220487593
0.16358599800973037
0.13048122220487593
0.1169976425484627
0.11088931337364041
0.13048122220487593
0.12493873131946559
0.09726525584109956
0.09726525584109956
0.11270537313462199
0.1169976425484627
0.12620736202860913
0.09982651675705237
0.16358599800973037
0.11259018744194631
0.16358599800973037
0.09726525584109956
0.16358599800973037
0.14855930059026573
0.11270537313462199
0.11250338319374834
0.11420313132655649
0.10074527633815207
0.1169976425484627
0.13048122220487593
0.1329965848519636
0.10074527633815207
0.09726525584109956
0.12819960920707094
0.09903755024338556
0.11420313132655649
0.1329965848519636
0.1329965848519636
0.0995447753142823
0.12620736202860913
0.13048122220487593
0.1419686513261549
0.11088931337364041
0.09903755024338556
0.13048122220487593
0.09726525584109956
0.09726525584109956
0.11088931337364041
0.11420313132655649
0.1345364828330944
0.09903755024338556
0.11420313132655649
0.12493873131946559
0.1329965848519636
0.13048122220487593
0.09903755024338556
0.16358599800973037
0.09726525584109956
0.12493873131946559
0.09903755024338556
0.09903755024338556
0.13048122220487593
0.11420313132655649
0.09903755024338556
0.11420313132655649
0.12493873131946559
0.13048122220487593
0.09903755024338556
0.13048122220487593
0.11088931337364041
0.15740579715423603
0.11420313132655649
0.0995447753142823
0.1329965848519636
0.09726525584109956
0.09726525584109956
0.09903755024338556
0.1329965848519636
0.0995447753142823
0.09726525584109956
0.1329965848519636
0.14855930059026573
0.12609165703539854
0.1329965848519636
0.09903755024338556
0.10080274275788396
0.0995447753142823
0.11250338319374834
0.11420313132655649
0.15740579715423603
0.0995447753142823
0.09903755024338556
0.10074527633815207
0.12493873131946559
0.12819960920707094
0.15740579715423603
0.1329965848519636
0.1329965848519636
0.1419686513261549
0.15740579715423603
0.0995447753142823
0.09903755024338556
0.10074527633815207
0.12819960920707094
0.12819960920707094
0.09903755024338556
0.1419686513261549
0.09903755024338556
0.15740579715423603
0.12819960920707094
0.11250338319374834
0.11250338319374834
0.11250338319374834
0.09903755024338556
0.11278200285661794
0.10074527633815207
0.11420313132655649
0.09726525584109956
0.12819960920707094
0.11420313132655649
0.15740579715423603
0.11420313132655649
0.09903755024338556
0.10074527633815207
0.0995447753142823
0.11420313132655649
0.10074527633815207
0.09903755024338556
0.12819960920707094
0.12620736202860913
0.09726525584109956
0.12493873131946559
0.09903755024338556
0.09903755024338556
0.12819960920707094
0.10074527633815207
0.11250338319374834
0.11420313132655649
0.10074527633815207
0.09903755024338556
0.11250338319374834
0.11420313132655649
0.11420313132655649
0.10074527633815207
0.10074527633815207
0.11420313132655649
0.10074527633815207
0.09903755024338556
0.12609165703539854
0.1329965848519636
0.11250338319374834
0.11250338319374834
0.11278200285661794
0.11250338319374834
0.12493873131946559
0.09903755024338556
0.12493873131946559
0.10074527633815207
0.09903755024338556
0.12493873131946559
0.10074527633815207
0.15740579715423603
0.11250338319374834
0.11420313132655649
0.09903755024338556
0.12819960920707094
0.10074527633815207
0.12609165703539854
0.11250338319374834
0.10074527633815207
0.11420313132655649
0.11420313132655649
0.09903755024338556
0.10074527633815207
0.11420313132655649
0.12493873131946559
0.0995447753142823
0.12493873131946559
0.12493873131946559
0.10074527633815207
0.11420313132655649
0.12804101357359943
0.12609165703539854
0.12819960920707094
0.10074527633815207
0.10074527633815207
0.10055530592109242
0.10074527633815207
0.09718378749133043
0.12609165703539854
0.11250338319374834
0.12609165703539854
0.10074527633815207
0.11250338319374834
0.12609165703539854
0.12819960920707094
0.11420313132655649
0.12493873131946559
0.10074527633815207
0.11250338319374834
0.10074527633815207
0.10074527633815207
0.10074527633815207
0.11420313132655649
0.10074527633815207
0.11278200285661794
0.12609165703539854
0.05053010471673089
0.11420313132655649
0.10074527633815207
0.10074527633815207
0.11250338319374834
0.11250338319374834
0.10074527633815207
0.1335410868327462
0.12609165703539854
0.10074527633815207
0.0968656492908944
0.10074527633815207
0.10074527633815207
0.0968656492908944
0.11250338319374834
0.10074527633815207
0.12609165703539854
0.10074527633815207
0.12493873131946559
0.10243530456248005
0.11250338319374834
0.12493873131946559
0.12493873131946559
0.11289121212836684
0.11278200285661794
0.10074527633815207
0.0968656492908944
0.11420313132655649
0.10074527633815207
0.1056717105532533
0.10074527633815207
0.12609165703539854
0.12804101357359943
0.10074527633815207
0.10074527633815207
0.12804101357359943
0.11278200285661794
0.10074527633815207
0.10243530456248005
0.0968656492908944
0.12493873131946559
0.12609165703539854
0.0968656492908944
0.0968656492908944
0.11314689601553887
0.10511754281576727
0.10243530456248005
0.1149198574667572
0.1056717105532533
0.12493873131946559
0.12493873131946559
0.12804101357359943
0.10243530456248005
0.1160002109406948
0.11278200285661794
0.11792482450815181
0.11792482450815181
0.12493873131946559
0.1160002109406948
0.10074527633815207
0.11278200285661794
0.11278200285661794
0.09825170952646199
0.0968656492908944
0.1056717105532533
0.11278200285661794
0.11278200285661794
0.09825170952646199
0.10074527633815207
0.0968656492908944
0.12493873131946559
0.10243530456248005
0.1056717105532533
0.12804101357359943
0.10125523615863627
0.12609165703539854
0.12493873131946559
0.11816689683357295
0.12609165703539854
0.12609165703539854
0.0968656492908944
0.1149198574667572
0.1149198574667572
0.11278200285661794
0.10074527633815207
0.12493873131946559
0.10074527633815207
0.12493873131946559
0.10243530456248005
0.10125523615863627
0.1419686513261549
0.10074527633815207
0.12609165703539854
0.10243530456248005
0.10074527633815207
0.0968656492908944
0.12609165703539854
0.10074527633815207
0.11289121212836684
0.10125523615863627
0.10243530456248005
0.12167331000142222
0.0968656492908944
0.11278200285661794
0.12609165703539854
0.0968656492908944
0.11278200285661794
0.0968656492908944
0.10243530456248005
0.10125523615863627
0.10166577631638869
0.11278200285661794
0.0968656492908944
0.11278200285661794
0.12609165703539854
0.11289121212836684
0.11278200285661794
0.12609165703539854
0.10243530456248005
0.0968656492908944
0.0968656492908944
0.1056717105532533
0.10125523615863627
0.1149198574667572
0.12609165703539854
0.11278200285661794
0.0968656492908944
0.0968656492908944
0.10341136397105702
0.11278200285661794
0.1056717105532533
0.1056717105532533
0.10243530456248005
0.1056717105532533
0.10125523615863627
0.11816689683357295
0.11278200285661794
0.11278200285661794
0.10243530456248005
0.1056717105532533
0.1056717105532533
0.0968656492908944
0.0968656492908944
0.10243530456248005
0.12804101357359943
0.10166577631638869
0.11278200285661794
0.10125523615863627
0.10125523615863627
0.0968656492908944
0.10341136397105702
0.12804101357359943
0.11278200285661794
0.12167331000142222
0.12804101357359943
0.0968656492908944
0.11314689601553887
0.0968656492908944
0.0968656492908944
0.12493873131946559
0.11278200285661794
0.0968656492908944
0.1149198574667572
0.0968656492908944
0.12804101357359943
0.09825170952646199
0.1149198574667572
0.0968656492908944
0.10125523615863627
0.10510472713253723
0.1056717105532533
0.0968656492908944
0.11289121212836684
0.11278200285661794
0.09765508288129629
0.1056717105532533
0.09637848386687786
0.0968656492908944
0.11278200285661794
0.11314689601553887
0.10341136397105702
0.0968656492908944
0.10341136397105702
0.11278200285661794
0.10243530456248005
0.10166577631638869
0.0968656492908944
0.1056717105532533
0.09765508288129629
0.11816689683357295
0.12167331000142222
0.10074527633815207
0.10243530456248005
0.11816689683357295
0.1056717105532533
0.10243530456248005
0.10125523615863627
0.10125523615863627
0.1056717105532533
0.11816689683357295
0.1064474832713319
0.11816689683357295
0.11314689601553887
0.10243530456248005
0.11816689683357295
0.1056717105532533
0.11289121212836684
0.0968656492908944
0.1056717105532533
0.1056717105532533
0.0968656492908944
0.1056717105532533
0.10243530456248005
0.10125523615863627
0.11391988934251007
0.10243530456248005
0.11816689683357295
0.1056717105532533
0.0968656492908944
0.10243530456248005
0.10125523615863627
0.1056717105532533
0.11289121212836684
0.0968656492908944
0.13268880119545018
0.05527032643724067
0.1286582500149327
0.0968656492908944
0.11816689683357295
0.10125523615863627
0.13268880119545018
0.10125523615863627
0.13268880119545018
0.11816689683357295
0.11816689683357295
0.0968656492908944
0.14088037117919472
0.11278200285661794
0.11314689601553887
0.11314689601553887
0.09765508288129629
0.10243530456248005
0.11314689601553887
0.1056717105532533
0.11391988934251007
0.11391988934251007
0.10125523615863627
0.11391988934251007
0.0968656492908944
0.09765508288129629
0.10125523615863627
0.11314689601553887
0.11816689683357295
0.11816689683357295
0.1056717105532533
0.11816689683357295
0.09765508288129629
0.11289121212836684
0.0968656492908944
0.1286582500149327
0.11165461364832222
0.10341136397105702
0.1056717105532533
0.1056717105532533
0.11816689683357295
0.11278200285661794
0.1056717105532533
0.10125523615863627
0.11816689683357295
0.11816689683357295
0.09825170952646199
0.0968656492908944
0.11314689601553887
0.11314689601553887
0.11314689601553887
0.11816689683357295
0.11314689601553887
0.10243530456248005
0.1056717105532533
0.10243530456248005
0.09621605253459818
0.1056717105532533
0.11314689601553887
0.09765508288129629
0.11289121212836684
0.1056717105532533
0.09765508288129629
0.09825170952646199
0.10243530456248005
0.09765508288129629
0.11816689683357295
0.10125523615863627
0.09765508288129629
0.11289121212836684
0.11391988934251007
0.09765508288129629
0.10243530456248005
0.11314689601553887
0.11816689683357295
0.1056717105532533
0.11391988934251007
0.11209919176346507
0.10243530456248005
0.10341136397105702
0.11816689683357295
0.09765508288129629
0.11314689601553887
0.11391988934251007
0.11816689683357295
0.11314689601553887
0.1056717105532533
0.09825170952646199
0.11816689683357295
0.11314689601553887
0.10125523615863627
0.11954818127020932
0.11816689683357295
0.11391988934251007
0.09825170952646199
0.09765508288129629
0.1056717105532533
0.11391988934251007
0.0968656492908944
0.1056717105532533
0.11314689601553887
0.1286582500149327
0.14088037117919472
0.11816689683357295
0.11816689683357295
0.09825170952646199
0.1056717105532533
0.10243530456248005
0.11209919176346507
0.11230708637988583
0.1056717105532533
0.11314689601553887
0.1056717105532533
0.11314689601553887
0.11314689601553887
0.11816689683357295
0.11314689601553887
0.11816689683357295
0.11816689683357295
0.10341136397105702
0.11391988934251007
0.03856711988927499
0.11314689601553887
0.09872445135476382
0.1286582500149327
0.1056717105532533
0.09872445135476382
0.1286582500149327
0.16232483798676164
0.11209919176346507
0.11289121212836684
0.11289121212836684
0.09765508288129629
0.11314689601553887
0.11816689683357295
0.11391988934251007
0.09765508288129629
0.09872445135476382
0.09765508288129629
0.11816689683357295
0.11391988934251007
0.1056717105532533
0.10125523615863627
0.09825170952646199
0.09872445135476382
0.09872445135476382
0.11816689683357295
0.09872445135476382
0.11314689601553887
0.16232483798676164
0.09765508288129629
0.09825170952646199
0.11816689683357295
0.11391988934251007
0.11391988934251007
0.1286582500149327
0.11314689601553887
0.11314689601553887
0.16232483798676164
0.0968656492908944
0.11289121212836684
0.11391988934251007
0.09825170952646199
0.09765508288129629
0.1056717105532533
0.11289121212836684
0.11289121212836684
0.09765508288129629
0.11391988934251007
0.0968656492908944
0.14088037117919472
0.11314689601553887
0.11314689601553887
0.14088037117919472
0.09825170952646199
0.09825170952646199
0.09825170952646199
0.09765508288129629
0.11209919176346507
0.11816689683357295
0.11289121212836684
0.09765508288129629
0.13268880119545018
0.1056717105532533
0.11289121212836684
0.09872445135476382
0.11816689683357295
0.09825170952646199
0.1056717105532533
0.11816689683357295
0.09765508288129629
0.09872445135476382
0.16232483798676164
0.09765508288129629
0.13268880119545018
0.11209919176346507
0.09765508288129629
0.11816689683357295
0.12314144400396693
0.09765508288129629
0.09825170952646199
0.1056717105532533
0.14088037117919472
0.09765508288129629
0.1032276394947633
0.09825170952646199
0.09621605253459818
0.09872445135476382
0.09621605253459818
0.11816689683357295
0.1056717105532533
0.11391988934251007
0.1286582500149327
0.11314689601553887
0.10740733401741012
0.09765508288129629
0.09621605253459818
0.11289121212836684
0.11314689601553887
0.11314689601553887
0.09765508288129629
0.09765508288129629
0.11391988934251007
0.11314689601553887
0.09765508288129629
0.13268880119545018
0.09825170952646199
0.11816689683357295
0.09765508288129629
0.14088037117919472
0.1311403454644598
0.11314689601553887
0.12314144400396693
0.09765508288129629
0.09765508288129629
0.10740733401741012
0.11289121212836684
0.1056717105532533
0.11976474158118558
0.14088037117919472
0.11289121212836684
0.11289121212836684
0.13119856698630142
0.10631042194219947
0.10740733401741012
0.1056717105532533
0.09765508288129629
0.14088037117919472
0.1056717105532533
0.14088037117919472
0.11314689601553887
0.09872445135476382
0.13119856698630142
0.14088037117919472
0.11209919176346507
0.11256807672599826
0.09765508288129629
0.14088037117919472
0.10740733401741012
0.11314689601553887
0.14088037117919472
0.09765508288129629
0.13119856698630142
0.09765508288129629
0.14088037117919472
0.10225008987983125
0.13119856698630142
0.11976474158118558
0.13268880119545018
0.1056717105532533
0.13119856698630142
0.14088037117919472
0.10740733401741012
0.09765508288129629
0.10740733401741012
0.10740733401741012
0.11289121212836684
0.10740733401741012
0.1056717105532533
0.09765508288129629
0.14088037117919472
0.13119856698630142
0.09765508288129629
0.09765508288129629
0.09765508288129629
0.10740733401741012
0.13119856698630142
0.10631042194219947
0.09765508288129629
0.1071126670348264
0.09765508288129629
0.09765508288129629
0.09765508288129629
0.1071126670348264
0.13119856698630142
0.09765508288129629
0.10740733401741012
0.10037082468996994
0.10740733401741012
0.13119856698630142
0.10700497964490882
0.09765508288129629
0.13119856698630142
0.13119856698630142
0.13119856698630142
0.10631042194219947
0.14088037117919472
0.13119856698630142
0.09765508288129629
0.09765508288129629
0.10340845099054922
0.09765508288129629
0.10340845099054922
0.10740733401741012
0.1313726909224679
0.10037082468996994
0.1071126670348264
0.13119856698630142
0.17859715782061916
0.10700497964490882
0.10700497964490882
0.10657040393381734
0.10740733401741012
0.10700497964490882
0.14088037117919472
0.13119856698630142
0.10700497964490882
0.14088037117919472
0.13119856698630142
0.10340845099054922
0.10631042194219947
0.10700497964490882
0.17859715782061916
0.10037082468996994
0.0974845154001223
0.10631042194219947
0.13119856698630142
0.15784594540278707
0.10631042194219947
0.12314144400396693
0.12314144400396693
0.09699546580911142
0.1071126670348264
0.10740733401741012
0.1071126670348264
0.10700497964490882
0.12314144400396693
0.15784594540278707
0.11448246166119468
0.10631042194219947
0.09939181711299093
0.10740733401741012
0.13119856698630142
0.10631042194219947
0.0974845154001223
0.10740733401741012
0.10037082468996994
0.1313726909224679
0.1071126670348264
0.10037082468996994
0.1071126670348264
0.10631042194219947
0.1071126670348264
0.0974845154001223
0.09699546580911142
0.15784594540278707
0.1071126670348264
0.10340845099054922
0.13119856698630142
0.0974845154001223
0.15784594540278707
0.10631042194219947
0.11448246166119468
0.10740733401741012
0.15784594540278707
0.0974845154001223
0.1071126670348264
0.13119856698630142
0.1071126670348264
0.11448246166119468
0.10700497964490882
0.10361280308098392
0.09767417278696751
0.0974845154001223
0.11448246166119468
0.10700497964490882
0.13119856698630142
0.10700497964490882
0.10203575121305036
0.15784594540278707
0.10700497964490882
0.0974845154001223
0.09939181711299093
0.10740733401741012
0.11448246166119468
0.10740733401741012
0.10340845099054922
0.0974845154001223
0.0974845154001223
0.11448246166119468
0.10740733401741012
0.09767417278696751
0.15784594540278707
0.10340845099054922
0.13897740902271802
0.10700497964490882
0.11448246166119468
0.15784594540278707
0.10340845099054922
