Affinity
0.09750971213503473
0.11562739169717688
0.11562739169717688
0.11562739169717688
0.09750971213503473
0.09750971213503473
0.09750971213503473
0.11562739169717688
0.11562739169717688
0.16510479997720115
0.11562739169717688
0.11139319336202821
0.11139319336202821
0.11562739169717688
0.11562739169717688
0.09750971213503473
0.09750971213503473
0.16510479997720115
0.09596483846405578
0.11139319336202821
0.19570572696156874
0.19570572696156874
0.12321571199227516
0.11139319336202821
0.11139319336202821
0.1201138787387713
0.11541532209791525
0.11139319336202821
0.19570572696156874
0.11541532209791525
0.16510479997720115
0.11139319336202821
0.12321571199227516
0.11139319336202821
0.11139319336202821
0.12321571199227516
0.11139319336202821
0.1201138787387713
0.11541532209791525
0.11562739169717688
0.11562739169717688
0.09750971213503473
0.11065906041831099
0.12321571199227516
0.09750971213503473
0.09750971213503473
0.1862465981436524
0.1201138787387713
0.11541532209791525
0.09176574844467612
0.11562739169717688
0.10580685474983362
0.09176574844467612
0.1309191043192341
0.16510479997720115
0.12321571199227516
0.11541532209791525
0.19570572696156874
0.16510479997720115
0.11065906041831099
0.1201138787387713
0.19570572696156874
0.1862465981436524
0.12321571199227516
0.12321571199227516
0.11541532209791525
0.09176574844467612
0.09750971213503473
0.09750971213503473
0.11683974894858558
0.19570572696156874
0.19570572696156874
0.11541532209791525
0.11541532209791525
0.11139319336202821
0.16510479997720115
0.19570572696156874
0.1201138787387713
0.11541532209791525
0.09176574844467612
0.1201138787387713
0.1309191043192341
0.11589069634147685
0.1201138787387713
0.09750971213503473
0.1309191043192341
0.1309191043192341
0.1862465981436524
0.11139319336202821
0.1201138787387713
0.12321571199227516
0.14620771321302292
0.12321571199227516
0.12163514151268391
0.11139319336202821
0.1201138787387713
0.11139319336202821
0.12163514151268391
0.1862465981436524
0.11589069634147685
0.1309191043192341
0.11139319336202821
0.19570572696156874
0.1862465981436524
0.11139319336202821
0.10580685474983362
0.1201138787387713
0.10580685474983362
0.09750971213503473
0.1201138787387713
0.12321571199227516
0.1201138787387713
0.19570572696156874
0.11065906041831099
0.11589069634147685
0.1201138787387713
0.1201138787387713
0.1201138787387713
0.1201138787387713
0.12321571199227516
0.1309191043192341
0.11562739169717688
0.12163514151268391
0.11589069634147685
0.1862465981436524
0.11139319336202821
0.11139319336202821
0.12321571199227516
0.11541532209791525
0.11683974894858558
0.19570572696156874
0.11589069634147685
0.11541532209791525
0.1862465981436524
0.11683974894858558
0.11139319336202821
0.11065906041831099
0.16510479997720115
0.11683974894858558
0.1201138787387713
0.11139319336202821
0.1201138787387713
0.1862465981436524
0.19570572696156874
0.1201138787387713
0.16510479997720115
0.12163514151268391
0.19570572696156874
0.1309191043192341
0.11683974894858558
0.1201138787387713
0.1862465981436524
0.09750971213503473
0.16510479997720115
0.11139319336202821
0.11683974894858558
0.11589069634147685
0.09750971213503473
0.1862465981436524
0.11589069634147685
0.1201138787387713
0.10580685474983362
0.16510479997720115
0.15169498954125638
0.09941873608378499
0.12163514151268391
0.19570572696156874
0.11139319336202821
0.09941873608378499
0.1201138787387713
0.09750971213503473
0.12163514151268391
0.11683974894858558
0.11683974894858558
0.1201138787387713
0.16510479997720115
0.117588580594715
0.117588580594715
0.12321571199227516
0.09750971213503473
0.1201138787387713
0.1201138787387713
0.1201138787387713
0.1201138787387713
0.1201138787387713
0.11683974894858558
0.1309191043192341
0.1309191043192341
0.11541532209791525
0.09941873608378499
0.1201138787387713
0.09941873608378499
0.11541532209791525
0.1201138787387713
0.16510479997720115
0.1201138787387713
0.09750971213503473
0.09750971213503473
0.11139319336202821
0.1309191043192341
0.11139319336202821
0.1862465981436524
0.08159441914391617
0.16510479997720115
0.11589069634147685
0.1309191043192341
0.1309191043192341
0.09750971213503473
0.11589069634147685
0.1201138787387713
0.1862465981436524
0.1862465981436524
0.11683974894858558
0.09750971213503473
0.12163514151268391
0.1201138787387713
0.11683974894858558
0.11139319336202821
0.1201138787387713
0.09750971213503473
0.17591315302159521
0.12321571199227516
0.09750971213503473
0.1309191043192341
0.09750971213503473
0.09750971213503473
0.1201138787387713
0.1201138787387713
0.11065906041831099
0.1862465981436524
0.11589069634147685
0.11683974894858558
0.17591315302159521
0.1309191043192341
0.09750971213503473
0.1862465981436524
0.09750971213503473
0.09941873608378499
0.09941873608378499
0.11541532209791525
0.09750971213503473
0.1862465981436524
0.1309191043192341
0.09941873608378499
0.1862465981436524
0.1309191043192341
0.1201138787387713
0.11065906041831099
0.1309191043192341
0.11065906041831099
0.11065906041831099
0.1309191043192341
0.11589069634147685
0.1309191043192341
0.11683974894858558
0.11589069634147685
0.11139319336202821
0.1862465981436524
0.11139319336202821
0.1862465981436524
0.11683974894858558
0.117588580594715
0.09941873608378499
0.11541532209791525
0.117588580594715
0.11683974894858558
0.1862465981436524
0.1201138787387713
0.11541532209791525
0.09750971213503473
0.1862465981436524
0.11139319336202821
0.09750971213503473
0.17591315302159521
0.11683974894858558
0.11683974894858558
0.1862465981436524
0.1862465981436524
0.12163514151268391
0.11683974894858558
0.09750971213503473
0.1309191043192341
0.09750971213503473
0.1309191043192341
0.11589069634147685
0.1862465981436524
0.11589069634147685
0.11139319336202821
0.1309191043192341
0.11541532209791525
0.11139319336202821
0.1862465981436524
0.1862465981436524
0.1862465981436524
0.12163514151268391
0.12163514151268391
0.09941873608378499
0.11541532209791525
0.11683974894858558
0.09941873608378499
0.117588580594715
0.11541532209791525
0.09941873608378499
0.11065906041831099
0.11139319336202821
0.12163514151268391
0.11139319336202821
0.11683974894858558
0.12321571199227516
0.11065906041831099
0.1862465981436524
0.11683974894858558
0.117588580594715
0.16510479997720115
0.12163514151268391
0.1201138787387713
0.11065906041831099
0.1862465981436524
0.09750971213503473
0.117588580594715
0.12163514151268391
0.09750971213503473
0.1862465981436524
0.11589069634147685
0.1862465981436524
0.11683974894858558
0.11541532209791525
0.12163514151268391
0.1201138787387713
0.1862465981436524
0.1309191043192341
0.16510479997720115
0.11589069634147685
0.09750971213503473
0.11683974894858558
0.1862465981436524
0.11683974894858558
0.11589069634147685
0.11589069634147685
0.11683974894858558
0.1862465981436524
0.16510479997720115
0.11683974894858558
0.1309191043192341
0.12163514151268391
0.11683974894858558
0.11683974894858558
0.1201138787387713
0.19570572696156874
0.11065906041831099
0.11589069634147685
0.13612424104907148
0.11683974894858558
0.11589069634147685
0.11319220192878367
0.11541532209791525
0.09750971213503473
0.17591315302159521
0.11319220192878367
0.17591315302159521
0.16510479997720115
0.19570572696156874
0.117588580594715
0.1862465981436524
0.16510479997720115
0.1862465981436524
0.19570572696156874
0.12321571199227516
0.11541532209791525
0.11589069634147685
0.16510479997720115
0.17591315302159521
0.17591315302159521
0.11589069634147685
0.11319220192878367
0.11589069634147685
0.09941873608378499
0.09941873608378499
0.19570572696156874
0.09941873608378499
0.117588580594715
0.15169498954125638
0.1862465981436524
0.11683974894858558
0.09941873608378499
0.11683974894858558
0.1862465981436524
0.11589069634147685
0.16510479997720115
0.11065906041831099
0.11683974894858558
0.15169498954125638
0.11683974894858558
0.1862465981436524
0.11683974894858558
0.11589069634147685
0.11683974894858558
0.11139319336202821
0.11589069634147685
0.1862465981436524
0.1862465981436524
0.117588580594715
0.117588580594715
0.09750971213503473
0.11683974894858558
0.117588580594715
0.09750971213503473
0.1309191043192341
0.11589069634147685
0.11683974894858558
0.17591315302159521
0.09750971213503473
0.1309191043192341
0.12163514151268391
0.15169498954125638
0.13612424104907148
0.19570572696156874
0.117588580594715
0.11683974894858558
0.11683974894858558
0.09750971213503473
0.17591315302159521
0.1862465981436524
0.19570572696156874
0.16510479997720115
0.117588580594715
0.11683974894858558
0.117588580594715
0.11683974894858558
0.117588580594715
0.19570572696156874
0.12163514151268391
0.1309191043192341
0.11683974894858558
0.11683974894858558
0.09750971213503473
0.11319220192878367
0.117588580594715
0.13612424104907148
0.11589069634147685
0.11589069634147685
0.11065906041831099
0.12163514151268391
0.11589069634147685
0.16510479997720115
0.17591315302159521
0.11683974894858558
0.12163514151268391
0.09750971213503473
0.11589069634147685
0.1862465981436524
0.12163514151268391
0.17591315302159521
0.11319220192878367
0.11589069634147685
0.1201138787387713
0.117588580594715
0.11683974894858558
0.11589069634147685
0.16510479997720115
0.1862465981436524
0.19570572696156874
0.11683974894858558
0.09750971213503473
0.12321571199227516
0.15169498954125638
0.12163514151268391
0.11541532209791525
0.13612424104907148
0.1862465981436524
0.11683974894858558
0.09750971213503473
0.15169498954125638
0.1201138787387713
0.1862465981436524
0.09941873608378499
0.09750971213503473
0.11683974894858558
0.09941873608378499
0.117588580594715
0.11065906041831099
0.1862465981436524
0.11589069634147685
0.11683974894858558
0.11683974894858558
0.12045359220485241
0.09750971213503473
0.11683974894858558
0.1862465981436524
0.11683974894858558
0.117588580594715
0.17591315302159521
0.11683974894858558
0.17591315302159521
0.13612424104907148
0.17591315302159521
0.11589069634147685
0.17591315302159521
0.1862465981436524
0.11589069634147685
0.17591315302159521
0.16510479997720115
0.09941873608378499
0.11683974894858558
0.1862465981436524
0.11683974894858558
0.09750971213503473
0.117588580594715
0.11683974894858558
0.1862465981436524
0.13612424104907148
0.117588580594715
0.11683974894858558
0.16510479997720115
0.1862465981436524
0.11589069634147685
0.15169498954125638
0.15169498954125638
0.1201138787387713
0.117588580594715
0.15169498954125638
0.117588580594715
0.11589069634147685
0.1201138787387713
0.16510479997720115
0.117588580594715
0.17591315302159521
0.1309191043192341
0.12163514151268391
0.17591315302159521
0.11589069634147685
0.12163514151268391
0.09941873608378499
0.1862465981436524
0.117588580594715
0.1862465981436524
0.1201138787387713
0.17591315302159521
0.09941873608378499
0.09750971213503473
0.1309191043192341
0.10042950495522363
0.12321571199227516
0.17591315302159521
0.04337830162847758
0.23267664838800062
0.11065906041831099
0.17591315302159521
0.1862465981436524
0.17591315302159521
0.117588580594715
0.12163514151268391
0.17591315302159521
0.117588580594715
0.117588580594715
0.15169498954125638
0.1862465981436524
0.09941873608378499
0.17591315302159521
0.11589069634147685
0.11589069634147685
0.09750971213503473
0.117588580594715
0.16510479997720115
0.1862465981436524
0.117588580594715
0.12321571199227516
0.117588580594715
0.117588580594715
0.1201138787387713
0.17591315302159521
0.117588580594715
0.09941873608378499
0.12163514151268391
0.11589069634147685
0.11319220192878367
0.16510479997720115
0.11589069634147685
0.17591315302159521
0.17591315302159521
0.11065906041831099
0.12045359220485241
0.12163514151268391
0.09635382151055065
0.10042950495522363
0.11589069634147685
0.15169498954125638
0.09750971213503473
0.1862465981436524
0.11589069634147685
0.1201138787387713
0.10324392859350547
0.117588580594715
0.11319220192878367
0.117588580594715
0.11683974894858558
0.17591315302159521
0.11589069634147685
0.11589069634147685
0.1862465981436524
0.1862465981436524
0.15169498954125638
0.12163514151268391
0.1862465981436524
0.17591315302159521
0.11589069634147685
0.1862465981436524
0.11589069634147685
0.19570572696156874
0.1862465981436524
0.11319220192878367
0.11319220192878367
0.17591315302159521
0.117588580594715
0.16510479997720115
0.10042950495522363
0.17591315302159521
0.12163514151268391
0.11589069634147685
0.1862465981436524
0.117588580594715
0.12163514151268391
0.17591315302159521
0.117588580594715
0.117588580594715
0.1201138787387713
0.12163514151268391
0.12045359220485241
0.11589069634147685
0.10042950495522363
0.11589069634147685
0.23267664838800062
0.11065906041831099
0.12163514151268391
0.11319220192878367
0.11589069634147685
0.12163514151268391
0.12045359220485241
0.23267664838800062
0.17591315302159521
0.11683974894858558
0.11683974894858558
0.10605112286820106
0.11683974894858558
0.1862465981436524
0.10324392859350547
0.1862465981436524
0.11319220192878367
0.09941873608378499
0.11589069634147685
0.11589069634147685
0.15169498954125638
0.15169498954125638
0.17591315302159521
0.11589069634147685
0.117588580594715
0.09635382151055065
0.11319220192878367
0.11589069634147685
0.12045359220485241
0.23267664838800062
0.11589069634147685
0.11683974894858558
0.17591315302159521
0.09635382151055065
0.10324392859350547
0.09941873608378499
0.09941873608378499
0.17591315302159521
0.12321571199227516
0.117588580594715
0.117588580594715
0.09941873608378499
0.10324392859350547
0.11494406679252112
0.117588580594715
0.11589069634147685
0.17591315302159521
0.11683974894858558
0.11589069634147685
0.12163514151268391
0.09635382151055065
0.12045359220485241
0.15169498954125638
0.09635382151055065
0.11589069634147685
0.15169498954125638
0.09635382151055065
0.117588580594715
0.11589069634147685
0.17591315302159521
0.117588580594715
0.09635382151055065
0.1862465981436524
0.11589069634147685
0.117588580594715
0.09635382151055065
0.11494406679252112
0.117588580594715
0.10324392859350547
0.11589069634147685
0.11494406679252112
0.11319220192878367
0.12045359220485241
0.17591315302159521
0.17591315302159521
0.10324392859350547
0.09635382151055065
0.09941873608378499
0.11494406679252112
0.23267664838800062
0.10042950495522363
0.09941873608378499
0.12045359220485241
0.09635382151055065
0.10605112286820106
0.17591315302159521
0.10324392859350547
0.15169498954125638
0.12045359220485241
0.117588580594715
0.10605112286820106
0.117588580594715
0.11494406679252112
0.10042950495522363
0.12163514151268391
0.09941873608378499
0.117588580594715
0.23267664838800062
0.10605112286820106
0.117588580594715
0.13819218491106344
0.17591315302159521
0.11319220192878367
0.11494406679252112
0.117588580594715
0.09635382151055065
0.117588580594715
0.09635382151055065
0.11494406679252112
0.17591315302159521
0.10042950495522363
0.17591315302159521
0.17591315302159521
0.117588580594715
0.09941873608378499
0.12489063846012849
0.11589069634147685
0.11319220192878367
0.117588580594715
0.09941873608378499
0.09635382151055065
0.117588580594715
0.17591315302159521
0.12489063846012849
0.23267664838800062
0.11494406679252112
0.09635382151055065
0.09635382151055065
0.12045359220485241
0.23267664838800062
0.09941873608378499
0.13819218491106344
0.12045359220485241
0.12045359220485241
0.117588580594715
0.09941873608378499
0.10324392859350547
0.10324392859350547
0.10324392859350547
0.10324392859350547
0.23267664838800062
0.09635382151055065
0.2102985965301425
0.11494406679252112
0.09635382151055065
0.09635382151055065
0.10324392859350547
0.10605112286820106
0.11494406679252112
0.117588580594715
0.09941873608378499
0.09165706662585123
0.10324392859350547
0.12332319882996898
0.17591315302159521
0.09635382151055065
0.10324392859350547
0.10042950495522363
0.12045359220485241
0.10042950495522363
0.10042950495522363
0.09635382151055065
0.117588580594715
0.10042950495522363
0.10324392859350547
0.15169498954125638
0.12489063846012849
0.11319220192878367
0.12045359220485241
0.10324392859350547
0.23267664838800062
0.23267664838800062
0.117588580594715
0.17591315302159521
0.23267664838800062
0.10042950495522363
0.10324392859350547
0.09635382151055065
0.09941873608378499
0.17591315302159521
0.10324392859350547
0.09635382151055065
0.09941873608378499
0.09941873608378499
0.17591315302159521
0.117588580594715
0.11589069634147685
0.11494406679252112
0.10324392859350547
0.11683974894858558
0.10324392859350547
0.09635382151055065
0.117588580594715
0.09941873608378499
0.09635382151055065
0.10324392859350547
0.23267664838800062
0.11494406679252112
0.10042950495522363
0.11494406679252112
0.12489063846012849
0.10605112286820106
0.09635382151055065
0.23267664838800062
0.09941873608378499
0.10324392859350547
0.10324392859350547
0.10324392859350547
0.117588580594715
0.23267664838800062
0.17591315302159521
0.09635382151055065
0.15169498954125638
0.09941873608378499
0.12489063846012849
0.10042950495522363
0.09941873608378499
0.10605112286820106
0.10605112286820106
0.23267664838800062
0.10042950495522363
0.10324392859350547
0.09635382151055065
0.09635382151055065
0.11494406679252112
0.1423386438562844
0.10324392859350547
0.11319220192878367
0.10042950495522363
0.09635382151055065
0.09635382151055065
0.10324392859350547
0.09941873608378499
0.09635382151055065
0.09635382151055065
0.09635382151055065
0.10324392859350547
0.09635382151055065
0.11494406679252112
0.10324392859350547
0.10605112286820106
0.09635382151055065
0.17591315302159521
0.11494406679252112
0.09941873608378499
0.09635382151055065
0.23267664838800062
0.09635382151055065
0.09635382151055065
0.09635382151055065
0.10605112286820106
0.2102985965301425
0.10042950495522363
0.10042950495522363
0.10324392859350547
0.11494406679252112
0.09635382151055065
0.10605112286820106
0.11494406679252112
0.23267664838800062
0.10042950495522363
0.11494406679252112
0.09635382151055065
0.10605112286820106
0.10324392859350547
0.10324392859350547
0.10042950495522363
0.10605112286820106
0.10605112286820106
0.11494406679252112
0.09635382151055065
0.2102985965301425
0.12332319882996898
0.10324392859350547
0.23267664838800062
0.15169498954125638
0.11494406679252112
0.09635382151055065
0.09635382151055065
0.09635382151055065
0.15169498954125638
0.10042950495522363
0.09635382151055065
0.09635382151055065
0.23267664838800062
0.10605112286820106
0.15959660374127996
0.2102985965301425
0.09635382151055065
0.15169498954125638
0.10042950495522363
0.09635382151055065
0.09635382151055065
0.10324392859350547
0.10324392859350547
0.10042950495522363
0.09635382151055065
0.11494406679252112
0.10324392859350547
0.2102985965301425
0.2102985965301425
0.2102985965301425
0.10324392859350547
0.12332319882996898
0.09635382151055065
0.10042950495522363
0.09635382151055065
0.10605112286820106
0.09635382151055065
0.09635382151055065
0.09635382151055065
0.10042950495522363
0.09635382151055065
0.10042950495522363
0.09635382151055065
0.10324392859350547
0.10605112286820106
0.23267664838800062
0.10324392859350547
0.23267664838800062
0.10324392859350547
0.12332319882996898
0.10042950495522363
0.23267664838800062
0.11494406679252112
0.10042950495522363
0.10605112286820106
0.11494406679252112
0.09635382151055065
0.2102985965301425
0.10324392859350547
0.09635382151055065
0.23267664838800062
0.23267664838800062
0.10042950495522363
0.2102985965301425
0.10324392859350547
0.12332319882996898
0.10605112286820106
0.10324392859350547
0.12332319882996898
0.10324392859350547
0.10605112286820106
0.12489063846012849
0.09635382151055065
0.10324392859350547
0.09635382151055065
0.10324392859350547
0.11494406679252112
0.2102985965301425
0.12489063846012849
0.10605112286820106
0.09635382151055065
0.17591315302159521
0.10324392859350547
0.10324392859350547
0.2102985965301425
0.11494406679252112
0.10605112286820106
0.10605112286820106
0.10042950495522363
0.10324392859350547
0.09635382151055065
0.2102985965301425
0.10324392859350547
0.09635382151055065
0.10605112286820106
0.10324392859350547
0.2102985965301425
0.10042950495522363
0.10042950495522363
0.10605112286820106
0.09635382151055065
0.10605112286820106
0.2102985965301425
0.11494406679252112
0.23267664838800062
0.10042950495522363
0.2102985965301425
0.10042950495522363
0.09635382151055065
0.09635382151055065
0.10042950495522363
0.09941873608378499
0.10042950495522363
0.09635382151055065
0.10042950495522363
0.12489063846012849
0.10042950495522363
0.10324392859350547
0.2102985965301425
0.10324392859350547
0.2102985965301425
0.2102985965301425
0.09635382151055065
0.09635382151055065
0.11422886777528461
0.10324392859350547
0.08837560268247578
0.1423386438562844
0.10042950495522363
0.2102985965301425
0.09635382151055065
0.2102985965301425
0.2102985965301425
0.1423386438562844
0.11275529920654583
0.15959660374127996
0.10042950495522363
0.09635382151055065
0.2102985965301425
0.10605112286820106
0.10324392859350547
0.09635382151055065
0.10605112286820106
0.10605112286820106
0.12332319882996898
0.10042950495522363
0.08452312662285155
0.10042950495522363
0.10324392859350547
0.10324392859350547
0.10605112286820106
0.10605112286820106
0.12489063846012849
0.12489063846012849
0.23267664838800062
0.2102985965301425
0.10042950495522363
0.10324392859350547
0.12489063846012849
0.1423386438562844
0.10605112286820106
0.2102985965301425
0.09635382151055065
0.10605112286820106
0.10605112286820106
0.09635382151055065
0.09635382151055065
0.12489063846012849
0.23267664838800062
0.10605112286820106
0.12489063846012849
0.10042950495522363
0.12332319882996898
0.12332319882996898
0.10605112286820106
0.2102985965301425
0.09635382151055065
0.12332319882996898
0.2102985965301425
0.10605112286820106
0.10042950495522363
0.1423386438562844
0.11494406679252112
0.23267664838800062
0.23267664838800062
0.12332319882996898
0.09635382151055065
0.09635382151055065
0.2102985965301425
0.10605112286820106
0.2102985965301425
0.23267664838800062
0.10042950495522363
0.09635382151055065
0.11275529920654583
0.09635382151055065
0.23267664838800062
0.10042950495522363
0.11494406679252112
0.11275529920654583
0.12332319882996898
0.11422886777528461
0.09635382151055065
0.09635382151055065
0.10324392859350547
0.23267664838800062
0.09635382151055065
0.12332319882996898
0.09635382151055065
0.09494204414941025
0.10324392859350547
0.12489063846012849
0.2102985965301425
0.12489063846012849
0.10605112286820106
0.23267664838800062
0.09635382151055065
0.10605112286820106
0.11494406679252112
0.12489063846012849
0.12332319882996898
0.10042950495522363
0.11275529920654583
0.12332319882996898
0.12489063846012849
0.09635382151055065
0.10042950495522363
0.09635382151055065
0.11275529920654583
0.09635382151055065
0.09635382151055065
0.10042950495522363
0.11494406679252112
0.10605112286820106
0.1469391086186859
0.11494406679252112
0.10042950495522363
0.2102985965301425
0.23267664838800062
0.11422886777528461
0.23267664838800062
0.11494406679252112
0.09494204414941025
0.2102985965301425
0.10605112286820106
0.10605112286820106
0.23267664838800062
0.10324392859350547
0.10042950495522363
0.11275529920654583
0.1469391086186859
0.10042950495522363
0.2102985965301425
0.12332319882996898
0.12489063846012849
0.12332319882996898
0.10324392859350547
0.2102985965301425
0.10324392859350547
0.11494406679252112
0.10324392859350547
0.11494406679252112
0.17802887177798288
0.10324392859350547
0.12332319882996898
0.2102985965301425
0.09635382151055065
0.2102985965301425
0.10042950495522363
0.12332319882996898
0.12332319882996898
0.10042950495522363
0.10324392859350547
0.11275529920654583
0.10605112286820106
0.10324392859350547
0.09635382151055065
0.10324392859350547
0.10324392859350547
0.10324392859350547
0.11422886777528461
0.11275529920654583
0.12332319882996898
0.10605112286820106
0.10042950495522363
0.10042950495522363
0.11494406679252112
0.11494406679252112
0.10042950495522363
0.09635382151055065
0.2102985965301425
0.1469391086186859
0.09635382151055065
0.12332319882996898
0.09635382151055065
0.2102985965301425
0.1469391086186859
0.12332319882996898
0.09635382151055065
0.12489063846012849
0.09635382151055065
0.1469391086186859
0.12332319882996898
0.1469391086186859
0.10324392859350547
0.09635382151055065
0.10605112286820106
0.10605112286820106
0.12332319882996898
0.2102985965301425
0.11494406679252112
0.2102985965301425
0.1469391086186859
0.10042950495522363
0.09635382151055065
0.10605112286820106
0.10605112286820106
0.09635382151055065
0.2102985965301425
0.10042950495522363
0.12332319882996898
0.10605112286820106
0.10324392859350547
0.12332319882996898
0.2102985965301425
0.2102985965301425
0.12489063846012849
0.1469391086186859
0.10042950495522363
0.10042950495522363
0.2102985965301425
0.09635382151055065
0.11275529920654583
0.11494406679252112
0.09635382151055065
0.2102985965301425
0.10605112286820106
0.1469391086186859
0.12332319882996898
0.12489063846012849
0.12489063846012849
0.15959660374127996
0.2102985965301425
0.12332319882996898
0.2102985965301425
0.10042950495522363
0.2102985965301425
0.1469391086186859
0.10324392859350547
0.12332319882996898
0.2102985965301425
0.12332319882996898
0.10042950495522363
0.10605112286820106
0.10042950495522363
0.2102985965301425
0.1469391086186859
0.2102985965301425
0.12332319882996898
0.11275529920654583
0.10605112286820106
0.2102985965301425
0.2102985965301425
0.10605112286820106
0.1469391086186859
0.10605112286820106
0.2102985965301425
0.10042950495522363
0.10324392859350547
0.2102985965301425
0.2102985965301425
0.09494204414941025
0.12332319882996898
0.15959660374127996
0.09635382151055065
0.10605112286820106
0.09635382151055065
0.2102985965301425
0.11494406679252112
0.10042950495522363
0.12489063846012849
0.12489063846012849
0.2102985965301425
0.2102985965301425
0.11275529920654583
0.09635382151055065
0.1469391086186859
0.10605112286820106
0.17802887177798288
0.1469391086186859
0.11275529920654583
0.1469391086186859
0.09635382151055065
0.1469391086186859
0.1469391086186859
0.1469391086186859
0.2102985965301425
0.10042950495522363
0.10042950495522363
0.11422886777528461
0.1469391086186859
0.15959660374127996
0.1469391086186859
0.15959660374127996
0.11494406679252112
0.1469391086186859
0.2102985965301425
0.2102985965301425
0.17802887177798288
0.1469391086186859
0.1469391086186859
0.10042950495522363
0.1469391086186859
0.12332319882996898
0.10042950495522363
0.2102985965301425
0.12489063846012849
0.10042950495522363
0.1469391086186859
0.12332319882996898
0.2102985965301425
0.1469391086186859
0.1469391086186859
0.11275529920654583
0.10042950495522363
0.2102985965301425
0.2102985965301425
0.10042950495522363
0.1469391086186859
0.10042950495522363
0.12489063846012849
0.11275529920654583
0.1469391086186859
0.10324392859350547
0.1469391086186859
0.1049307838285234
0.11275529920654583
0.11275529920654583
0.1049307838285234
0.1469391086186859
0.1469391086186859
0.1049307838285234
0.15959660374127996
0.2102985965301425
0.10605112286820106
0.10042950495522363
0.1469391086186859
0.15959660374127996
0.12489063846012849
0.11275529920654583
0.12332319882996898
0.1469391086186859
0.17802887177798288
0.1469391086186859
0.11275529920654583
0.11422886777528461
0.1469391086186859
0.1469391086186859
0.12332319882996898
0.1469391086186859
0.12489063846012849
0.2102985965301425
0.1469391086186859
0.1469391086186859
0.2102985965301425
0.1469391086186859
0.1049307838285234
0.17802887177798288
0.1082739963691731
0.11275529920654583
0.2102985965301425
0.1469391086186859
0.17802887177798288
0.1469391086186859
0.12332319882996898
0.15959660374127996
0.2102985965301425
0.17802887177798288
0.1469391086186859
0.11275529920654583
0.1469391086186859
0.149030829720715
0.11275529920654583
0.2102985965301425
0.1469391086186859
0.1469391086186859
0.1469391086186859
0.11275529920654583
0.10504328983111565
0.12332319882996898
0.1469391086186859
0.1469391086186859
0.1469391086186859
0.17802887177798288
0.17802887177798288
0.1469391086186859
0.17802887177798288
0.1049307838285234
0.11275529920654583
0.1469391086186859
0.12332319882996898
0.10504328983111565
0.11275529920654583
0.11275529920654583
0.15959660374127996
0.10504328983111565
0.11275529920654583
0.1469391086186859
0.11275529920654583
0.1082739963691731
0.149030829720715
0.17802887177798288
0.12332319882996898
0.1082739963691731
0.1469391086186859
0.1562038549203503
0.1469391086186859
0.1082739963691731
0.09728093171396618
0.1469391086186859
0.1082739963691731
0.1469391086186859
0.1082739963691731
0.09728093171396618
0.149030829720715
0.1049307838285234
0.1082739963691731
0.1899772116257048
0.10504328983111565
0.1082739963691731
0.1082739963691731
0.10504328983111565
0.1082739963691731
0.149030829720715
0.1082739963691731
0.1082739963691731
0.09728093171396618
0.1082739963691731
0.09728093171396618
0.10441465637178211
0.149030829720715
0.1049307838285234
0.149030829720715
0.1082739963691731
0.1082739963691731
0.10441465637178211
0.09728093171396618
0.10441465637178211
0.1899772116257048
0.1082739963691731
0.09728093171396618
0.10504328983111565
0.1082739963691731
0.09728093171396618
0.1049307838285234
0.1082739963691731
0.1082739963691731
0.1082739963691731
0.1082739963691731
0.11275529920654583
0.09728093171396618
0.09728093171396618
0.149030829720715
0.09728093171396618
0.11275529920654583
0.10441465637178211
0.1082739963691731
0.1082739963691731
0.1899772116257048
0.09728093171396618
0.1082739963691731
0.1082739963691731
0.10504328983111565
0.10504328983111565
0.1082739963691731
0.1082739963691731
0.1082739963691731
0.09728093171396618
0.1082739963691731
0.1899772116257048
0.09728093171396618
0.149030829720715
0.10504328983111565
0.09728093171396618
0.1082739963691731
0.1082739963691731
0.1082739963691731
0.10504328983111565
0.1082739963691731
0.1082739963691731
0.09728093171396618
0.1082739963691731
0.09728093171396618
0.10441465637178211
0.1899772116257048
0.1082739963691731
0.09728093171396618
0.10504328983111565
0.1082739963691731
0.1082739963691731
0.1562038549203503
0.1469391086186859
0.10441465637178211
0.1469391086186859
0.10504328983111565
0.1082739963691731
0.1469391086186859
0.09728093171396618
0.09728093171396618
0.149030829720715
0.1082739963691731
0.10441465637178211
0.1082739963691731
0.1082739963691731
0.10504328983111565
0.149030829720715
0.10441465637178211
0.1082739963691731
0.1082739963691731
0.1082739963691731
0.10504328983111565
0.10504328983111565
0.09728093171396618
0.1082739963691731
0.1082739963691731
0.10504328983111565
0.1899772116257048
0.10504328983111565
0.1082739963691731
0.12142611013888324
0.09728093171396618
0.1899772116257048
0.10441465637178211
0.1899772116257048
0.1289860832065481
0.09728093171396618
0.1899772116257048
0.09728093171396618
0.12142611013888324
0.149030829720715
0.1289860832065481
0.09728093171396618
0.10441465637178211
0.1082739963691731
0.1562038549203503
0.1082739963691731
0.1289860832065481
0.12142611013888324
0.149030829720715
0.09728093171396618
0.09728093171396618
0.1082739963691731
0.1082739963691731
0.13438191509105035
0.12142611013888324
0.09728093171396618
0.1082739963691731
0.10441465637178211
0.149030829720715
0.1469391086186859
0.10441465637178211
0.10504328983111565
0.10441465637178211
0.10441465637178211
0.10504328983111565
0.1899772116257048
0.1082739963691731
0.09728093171396618
0.11275529920654583
0.1082739963691731
0.10504328983111565
0.10504328983111565
0.1082739963691731
0.1899772116257048
0.10441465637178211
0.09728093171396618
0.10504328983111565
0.1899772116257048
0.10441465637178211
0.12142611013888324
0.1899772116257048
0.1082739963691731
0.1899772116257048
0.149030829720715
0.13438191509105035
0.1899772116257048
0.1082739963691731
0.10441465637178211
0.09728093171396618
0.1899772116257048
0.10441465637178211
0.10504328983111565
0.1899772116257048
0.09728093171396618
0.1082739963691731
0.1899772116257048
0.1082739963691731
0.09728093171396618
0.12117422447342759
0.1082739963691731
0.13438191509105035
0.12117422447342759
0.1082739963691731
0.10504328983111565
0.12117422447342759
0.10441465637178211
0.12117422447342759
0.09728093171396618
0.10504328983111565
0.1899772116257048
0.09728093171396618
0.10441465637178211
0.10504328983111565
0.10441465637178211
0.09728093171396618
0.1082739963691731
0.12009375729598043
0.10504328983111565
0.10441465637178211
0.10504328983111565
0.1899772116257048
0.10441465637178211
0.10504328983111565
0.10504328983111565
0.15333250535129517
0.09728093171396618
0.13438191509105035
0.13438191509105035
0.1082739963691731
0.10504328983111565
0.10504328983111565
0.1899772116257048
0.12142611013888324
0.09728093171396618
0.149030829720715
0.10441465637178211
0.10441465637178211
0.1899772116257048
0.1082739963691731
0.1289860832065481
0.10441465637178211
0.12142611013888324
0.10441465637178211
0.10504328983111565
0.12142611013888324
0.12117422447342759
0.12142611013888324
0.10504328983111565
0.11103556803394693
0.15333250535129517
0.11838416538979639
0.09728093171396618
0.10504328983111565
0.13438191509105035
0.1289860832065481
0.09728093171396618
0.09728093171396618
0.13438191509105035
0.10441465637178211
0.09728093171396618
0.12142611013888324
0.15333250535129517
0.1289860832065481
0.09728093171396618
0.1289860832065481
0.12142611013888324
0.09728093171396618
0.1899772116257048
0.12142611013888324
0.10504328983111565
0.1289860832065481
0.1082739963691731
0.10504328983111565
0.1082739963691731
0.12142611013888324
0.15333250535129517
0.11838416538979639
0.11838416538979639
0.10504328983111565
0.1082739963691731
0.10504328983111565
0.13438191509105035
0.11838416538979639
0.11103556803394693
0.1082739963691731
0.10504328983111565
0.149030829720715
0.149030829720715
0.13438191509105035
0.12117422447342759
0.12142611013888324
0.09728093171396618
0.10441465637178211
0.1289860832065481
0.09728093171396618
0.12142611013888324
0.11838416538979639
0.10504328983111565
0.10441465637178211
0.09728093171396618
0.11103556803394693
0.12142611013888324
0.10441465637178211
0.13438191509105035
0.09728093171396618
0.13438191509105035
0.10504328983111565
0.12117422447342759
0.15333250535129517
0.10441465637178211
0.12009375729598043
0.12142611013888324
0.12117422447342759
0.13438191509105035
0.1289860832065481
0.09728093171396618
0.10441465637178211
0.10504328983111565
0.10441465637178211
0.10441465637178211
0.12142611013888324
0.09728093171396618
0.1289860832065481
0.10504328983111565
0.12009375729598043
0.10504328983111565
0.09728093171396618
0.13553203395411131
0.1289860832065481
0.1289860832065481
0.12117422447342759
0.10441465637178211
0.13438191509105035
0.10441465637178211
0.10441465637178211
0.10441465637178211
0.1289860832065481
0.09728093171396618
0.10232621851721252
0.12142611013888324
0.11103556803394693
0.09728093171396618
0.09728093171396618
0.10441465637178211
0.10504328983111565
0.12142611013888324
0.13438191509105035
0.15333250535129517
0.10441465637178211
0.10441465637178211
0.13438191509105035
0.1289860832065481
0.149030829720715
0.10441465637178211
0.12009375729598043
0.1289860832065481
0.12142611013888324
0.1899772116257048
0.12142611013888324
0.09728093171396618
0.1899772116257048
0.1899772116257048
0.12117422447342759
0.12142611013888324
0.11838416538979639
0.10504328983111565
0.15333250535129517
0.12142611013888324
0.1289860832065481
0.13438191509105035
0.13438191509105035
0.17147191060139633
0.09728093171396618
0.1289860832065481
0.15333250535129517
0.15333250535129517
0.10504328983111565
0.1289860832065481
0.09728093171396618
0.10232621851721252
0.12142611013888324
0.12142611013888324
0.12142611013888324
0.17147191060139633
0.1899772116257048
0.1289860832065481
0.10441465637178211
0.10441465637178211
0.12009375729598043
0.10441465637178211
0.09728093171396618
0.13553203395411131
0.11838416538979639
0.10232621851721252
0.10504328983111565
0.13553203395411131
0.10441465637178211
0.15333250535129517
0.13438191509105035
0.13553203395411131
0.10441465637178211
0.12142611013888324
0.09728093171396618
0.15173066545340871
0.10441465637178211
0.1289860832065481
0.1899772116257048
0.13553203395411131
0.1289860832065481
0.13438191509105035
0.13553203395411131
0.09728093171396618
0.1289860832065481
0.12142611013888324
0.13438191509105035
0.10504328983111565
0.11838416538979639
0.10504328983111565
0.12142611013888324
0.13438191509105035
0.11838416538979639
0.09728093171396618
0.1899772116257048
0.15333250535129517
0.09728093171396618
0.09728093171396618
0.12142611013888324
0.1289860832065481
0.11838416538979639
0.09728093171396618
0.1289860832065481
0.09728093171396618
0.13438191509105035
0.12142611013888324
0.15333250535129517
0.13553203395411131
0.10441465637178211
0.10441465637178211
0.15333250535129517
0.13553203395411131
0.10504328983111565
0.14402942336060418
0.1289860832065481
0.1289860832065481
0.13553203395411131
0.15333250535129517
0.12117422447342759
0.13438191509105035
0.1289860832065481
0.1289860832065481
0.10504328983111565
0.10504328983111565
0.13553203395411131
0.12009375729598043
0.13438191509105035
0.10441465637178211
0.1289860832065481
0.12009375729598043
0.15333250535129517
0.11838416538979639
0.1289860832065481
0.1289860832065481
0.1289860832065481
0.12117422447342759
0.10232621851721252
0.12009375729598043
0.12142611013888324
0.13553203395411131
0.1899772116257048
0.11838416538979639
0.1289860832065481
0.13438191509105035
0.09728093171396618
0.10232621851721252
0.10232621851721252
0.09728093171396618
0.1289860832065481
0.12009375729598043
0.12009375729598043
0.13438191509105035
0.10232621851721252
0.13438191509105035
0.17147191060139633
0.13438191509105035
0.13553203395411131
0.13438191509105035
0.13553203395411131
0.09728093171396618
0.12142611013888324
0.13553203395411131
0.11838416538979639
0.13553203395411131
0.10441465637178211
0.12117422447342759
0.11838416538979639
0.12009375729598043
0.13553203395411131
0.11838416538979639
0.1289860832065481
0.1289860832065481
0.1289860832065481
0.1289860832065481
0.1289860832065481
0.11838416538979639
0.10232621851721252
0.13438191509105035
0.13438191509105035
0.12117422447342759
0.10232621851721252
0.10232621851721252
0.11838416538979639
0.10232621851721252
0.13438191509105035
0.10600382950555622
0.12117422447342759
0.13438191509105035
0.15333250535129517
0.13553203395411131
0.1289860832065481
0.10232621851721252
0.11838416538979639
0.1289860832065481
0.12009375729598043
0.13438191509105035
0.15333250535129517
0.13438191509105035
0.11838416538979639
0.15333250535129517
0.10441465637178211
0.11838416538979639
0.13553203395411131
0.13438191509105035
0.16297859814134094
0.13438191509105035
0.13438191509105035
0.13553203395411131
0.09728093171396618
0.13553203395411131
0.10441465637178211
0.12117422447342759
0.12367803863871543
0.11838416538979639
0.13438191509105035
0.10232621851721252
0.17147191060139633
0.10232621851721252
0.12009375729598043
0.10232621851721252
0.15173066545340871
0.13553203395411131
0.11838416538979639
0.12009375729598043
0.13438191509105035
0.10232621851721252
0.10232621851721252
0.13553203395411131
0.1289860832065481
0.12117422447342759
0.13438191509105035
0.13438191509105035
0.10232621851721252
0.13438191509105035
0.13438191509105035
0.13553203395411131
0.15173066545340871
0.11838416538979639
0.16297859814134094
0.10232621851721252
0.10232621851721252
0.13553203395411131
0.13553203395411131
0.13438191509105035
0.15173066545340871
0.13438191509105035
0.10441465637178211
0.1899772116257048
0.1289860832065481
0.10232621851721252
0.12009375729598043
0.10232621851721252
0.16297859814134094
0.10232621851721252
0.11338305395280723
0.13553203395411131
0.12367803863871543
0.10232621851721252
0.15173066545340871
0.10232621851721252
0.13553203395411131
0.13553203395411131
0.12009375729598043
0.10232621851721252
0.15173066545340871
0.13438191509105035
0.17147191060139633
0.13438191509105035
0.10232621851721252
0.11838416538979639
0.12009375729598043
0.10232621851721252
0.1562794947503696
0.10232621851721252
0.13553203395411131
0.12117422447342759
0.15683192918376906
0.10600382950555622
0.16297859814134094
0.10232621851721252
0.15173066545340871
0.15173066545340871
0.10600382950555622
0.10232621851721252
0.10232621851721252
0.10232621851721252
0.15333250535129517
0.10600382950555622
0.12117422447342759
0.15173066545340871
0.15173066545340871
0.10232621851721252
0.10232621851721252
0.10232621851721252
0.13553203395411131
0.13553203395411131
0.10600382950555622
0.16297859814134094
0.13553203395411131
0.12367803863871543
0.10600382950555622
0.13553203395411131
0.11838416538979639
0.15683192918376906
0.16297859814134094
0.10600382950555622
0.17147191060139633
0.13553203395411131
0.15173066545340871
0.10232621851721252
0.13553203395411131
0.10232621851721252
0.15173066545340871
0.16297859814134094
0.13438191509105035
0.1562794947503696
0.13438191509105035
0.14065989231501963
0.12009375729598043
0.15173066545340871
0.13611389218659523
0.10232621851721252
0.11338305395280723
0.13553203395411131
0.13553203395411131
0.15173066545340871
0.15333250535129517
0.10600382950555622
0.13553203395411131
0.13438191509105035
0.10232621851721252
0.1562794947503696
0.10232621851721252
0.11338305395280723
0.15173066545340871
0.10232621851721252
0.13553203395411131
0.12367803863871543
0.11338305395280723
0.15173066545340871
0.12367803863871543
0.10232621851721252
0.15173066545340871
0.15173066545340871
0.12009375729598043
0.16297859814134094
0.11338305395280723
0.16297859814134094
0.1562794947503696
0.10232621851721252
0.13553203395411131
0.15173066545340871
0.13553203395411131
0.1289860832065481
0.13553203395411131
0.13553203395411131
0.10232621851721252
0.13553203395411131
0.11338305395280723
0.10232621851721252
0.12009375729598043
0.13553203395411131
0.10600382950555622
0.10600382950555622
0.1562794947503696
0.12367803863871543
0.12367803863871543
0.15173066545340871
0.12367803863871543
0.1562794947503696
0.12009375729598043
0.10600382950555622
0.11838416538979639
0.11338305395280723
0.15173066545340871
0.11338305395280723
0.13553203395411131
0.13553203395411131
0.13553203395411131
0.10232621851721252
0.10232621851721252
0.1562794947503696
0.15173066545340871
0.13553203395411131
0.1562794947503696
0.10600382950555622
0.15683192918376906
0.13553203395411131
0.11338305395280723
0.12367803863871543
0.11338305395280723
0.16297859814134094
0.15173066545340871
0.15173066545340871
0.10232621851721252
0.10232621851721252
0.1562794947503696
0.11338305395280723
0.1562794947503696
0.15173066545340871
0.15173066545340871
0.15683192918376906
0.1562794947503696
0.10232621851721252
0.15683192918376906
0.1562794947503696
0.12367803863871543
0.13611389218659523
0.1562794947503696
0.14065989231501963
0.10232621851721252
0.1562794947503696
0.10600382950555622
0.12009375729598043
0.16297859814134094
0.09140374274879137
0.13553203395411131
0.12009375729598043
0.15173066545340871
0.10232621851721252
0.10232621851721252
0.12009375729598043
0.12367803863871543
0.11338305395280723
0.10232621851721252
0.15173066545340871
0.11338305395280723
0.12367803863871543
0.10600382950555622
0.15173066545340871
0.1203445498263616
0.13590215339794603
0.1562794947503696
0.15173066545340871
0.1562794947503696
0.15173066545340871
0.13438191509105035
0.16297859814134094
0.11338305395280723
0.12367803863871543
0.1562794947503696
0.13590215339794603
0.11338305395280723
0.13590215339794603
0.14065989231501963
0.15173066545340871
0.16297859814134094
0.14065989231501963
0.10232621851721252
0.11338305395280723
0.1562794947503696
0.1562794947503696
0.1562794947503696
0.11338305395280723
0.13553203395411131
0.10232621851721252
0.11338305395280723
0.1562794947503696
0.1562794947503696
0.10600382950555622
0.12367803863871543
0.13553203395411131
0.12367803863871543
0.1562794947503696
0.16297859814134094
0.12367803863871543
0.14065989231501963
0.1562794947503696
0.15173066545340871
0.1562794947503696
0.1562794947503696
0.11338305395280723
0.10600382950555622
0.1562794947503696
0.10600382950555622
0.11338305395280723
0.1562794947503696
0.15173066545340871
0.12367803863871543
0.1562794947503696
0.1562794947503696
0.11338305395280723
0.15683192918376906
0.1562794947503696
0.15173066545340871
0.12367803863871543
0.1562794947503696
0.15683192918376906
0.15683192918376906
0.14065989231501963
0.13105188041551663
0.1562794947503696
0.12367803863871543
0.1562794947503696
0.1562794947503696
0.16297859814134094
0.11338305395280723
0.16297859814134094
0.11058045197073427
0.10600382950555622
0.14065989231501963
0.1562794947503696
0.16297859814134094
0.1562794947503696
0.1562794947503696
0.1562794947503696
0.14062257447679508
0.14065989231501963
0.16297859814134094
0.14065989231501963
0.11338305395280723
0.14065989231501963
0.1562794947503696
0.1562794947503696
0.1562794947503696
0.11058045197073427
0.11058045197073427
0.13590215339794603
0.12367803863871543
0.11338305395280723
0.14065989231501963
0.11058045197073427
0.1562794947503696
0.15173066545340871
0.11338305395280723
0.15173066545340871
0.1562794947503696
0.16297859814134094
0.11058045197073427
0.1562794947503696
0.1562794947503696
0.11058045197073427
0.13590215339794603
0.11338305395280723
0.14065989231501963
0.1562794947503696
0.16297859814134094
0.13590215339794603
0.16297859814134094
0.10600382950555622
0.1562794947503696
0.16297859814134094
0.09432095297415234
0.1562794947503696
0.1562794947503696
0.16297859814134094
0.12367803863871543
0.1562794947503696
0.12367803863871543
0.11338305395280723
0.15173066545340871
0.10600382950555622
0.16297859814134094
0.1562794947503696
0.11338305395280723
0.11338305395280723
0.12367803863871543
0.1562794947503696
0.15683192918376906
0.12367803863871543
0.12367803863871543
0.1359981223758717
0.12367803863871543
0.1562794947503696
0.13105188041551663
0.16297859814134094
0.1562794947503696
0.11058045197073427
0.1562794947503696
0.13105188041551663
0.11338305395280723
0.1359981223758717
0.12367803863871543
0.16297859814134094
0.10232621851721252
0.16297859814134094
0.11338305395280723
0.11338305395280723
0.1562794947503696
0.14065989231501963
0.12367803863871543
0.1562794947503696
0.13590215339794603
0.1562794947503696
0.13590215339794603
0.11338305395280723
0.14065989231501963
0.08259792852514211
0.13590215339794603
0.11058045197073427
0.13590215339794603
