Affinity
0.10610692180164254
0.03901650124906935
0.10105865509571434
0.10105865509571434
0.0953565588958097
0.1241086665450453
0.1241086665450453
0.0953565588958097
0.0798035656737326
0.10352896294702867
0.04748608612088087
0.08892532649073932
0.20705061499206787
0.08797153995248688
0.09735298634571461
0.10352896294702867
0.09735298634571461
0.0831203672769485
0.11679299574789581
0.08732898906944073
0.10352896294702867
0.0953565588958097
0.08732898906944073
0.0953565588958097
0.12450396438427902
0.12458635617949387
0.12450396438427902
0.0831203672769485
0.12458635617949387
0.07249578566379261
0.14466725445164247
0.07635216898101653
0.0451383608131254
0.12458635617949387
0.12458635617949387
0.03901650124906935
0.07635216898101653
0.11679299574789581
0.13918756009018243
0.12818155542902362
0.09733105773430203
0.10658508388778756
0.11754820559477024
0.12818155542902362
0.09733105773430203
0.1158455866634042
0.1158455866634042
0.1158455866634042
0.1252423139907156
0.07249578566379261
0.09733105773430203
0.0831203672769485
0.11754820559477024
0.11754820559477024
0.09733105773430203
0.1252423139907156
0.11754820559477024
0.12458635617949387
0.10658508388778756
0.017586434541341803
0.12458635617949387
0.16944642366456392
0.16944642366456392
0.07635216898101653
0.09733105773430203
0.13918756009018243
0.09733105773430203
0.09733105773430203
0.16944642366456392
0.1252423139907156
0.11539300642265875
0.14466725445164247
0.09733105773430203
0.12458635617949387
0.11679299574789581
0.12458635617949387
0.06274201211858003
0.16944642366456392
0.09733105773430203
0.12916776793186677
0.12458635617949387
0.07635216898101653
0.12353504911386867
0.07249578566379261
0.11754820559477024
0.09733105773430203
0.09733105773430203
0.1158455866634042
0.09733105773430203
0.09733105773430203
0.11754820559477024
0.12458635617949387
0.1158455866634042
0.1158455866634042
0.09733105773430203
0.09733105773430203
0.14466725445164247
0.09038269075224376
0.18725668871371035
0.12916776793186677
0.09641625080497727
0.13918756009018243
0.14466725445164247
0.12353504911386867
0.12458635617949387
0.1158455866634042
0.04209550193087061
0.09733105773430203
0.058273496529091445
0.12458635617949387
0.09733105773430203
0.09733105773430203
0.09733105773430203
0.11539300642265875
0.12458635617949387
0.09733105773430203
0.09733105773430203
0.13918756009018243
0.11754820559477024
0.09733105773430203
0.1158455866634042
0.09733105773430203
0.09733105773430203
0.11230302116573385
0.12458635617949387
0.11679299574789581
0.09733105773430203
0.09733105773430203
0.09733105773430203
0.1158455866634042
0.12458635617949387
0.1158455866634042
0.09733105773430203
0.11679299574789581
0.11679299574789581
0.1158455866634042
0.14466725445164247
0.09733105773430203
0.1158455866634042
0.09733105773430203
0.11754820559477024
0.12458635617949387
0.11754820559477024
0.11539300642265875
0.09733105773430203
0.1158455866634042
0.09733105773430203
0.11539300642265875
0.11754820559477024
0.09733105773430203
0.0907668924619523
0.12458635617949387
0.09733105773430203
0.09733105773430203
0.11754820559477024
0.09733105773430203
0.11754820559477024
0.06780649968051222
0.14466725445164247
0.1158455866634042
0.09733105773430203
0.09733105773430203
0.09733105773430203
0.11679299574789581
0.1158455866634042
0.12458635617949387
0.09733105773430203
0.12458635617949387
0.18725668871371035
0.09733105773430203
0.11539300642265875
0.11679299574789581
0.1158455866634042
0.14466725445164247
0.09733105773430203
0.1158455866634042
0.1158455866634042
0.12458635617949387
0.09733105773430203
0.14466725445164247
0.15291374836125016
0.09733105773430203
0.15291374836125016
0.09733105773430203
0.09733105773430203
0.1158455866634042
0.12916776793186677
0.09733105773430203
0.12458635617949387
0.09733105773430203
0.12916776793186677
0.12458635617949387
0.1158455866634042
0.09733105773430203
0.14466725445164247
0.09733105773430203
0.18725668871371035
0.09733105773430203
0.09733105773430203
0.11754820559477024
0.18725668871371035
0.09733105773430203
0.09733105773430203
0.09733105773430203
0.09733105773430203
0.12916776793186677
0.08268078419338723
0.09733105773430203
0.12916776793186677
0.1158455866634042
0.09733105773430203
0.09733105773430203
0.09733105773430203
0.09733105773430203
0.09733105773430203
0.09733105773430203
0.1158455866634042
0.09733105773430203
0.09733105773430203
0.12916776793186677
0.11230302116573385
0.1158455866634042
0.1158455866634042
0.06780649968051222
0.09733105773430203
0.1158455866634042
0.12916776793186677
0.09733105773430203
0.08268078419338723
0.09733105773430203
0.09733105773430203
0.09733105773430203
0.09733105773430203
0.09733105773430203
0.12458635617949387
0.12916776793186677
0.09733105773430203
0.09126336568994387
0.18725668871371035
0.1158455866634042
0.1158455866634042
0.11539300642265875
0.12916776793186677
0.11539300642265875
0.09733105773430203
0.12458635617949387
0.1158455866634042
0.1158455866634042
0.11679299574789581
0.09733105773430203
0.09733105773430203
0.09733105773430203
0.07504760293002377
0.14466725445164247
0.12916776793186677
0.09733105773430203
0.11679299574789581
0.09733105773430203
0.1158455866634042
0.07504760293002377
0.12916776793186677
0.18725668871371035
0.1158455866634042
0.11679299574789581
0.12458635617949387
0.11539300642265875
0.11539300642265875
0.09733105773430203
0.14466725445164247
0.11539300642265875
0.09733105773430203
0.11539300642265875
0.11539300642265875
0.09733105773430203
0.09733105773430203
0.09733105773430203
0.11539300642265875
0.14466725445164247
0.09733105773430203
0.11679299574789581
0.09733105773430203
0.11754820559477024
0.1205758989945209
0.13918756009018243
0.11230302116573385
0.09733105773430203
0.09733105773430203
0.14466725445164247
0.09733105773430203
0.14466725445164247
0.09733105773430203
0.1158455866634042
0.14466725445164247
0.14466725445164247
0.09733105773430203
0.14466725445164247
0.18725668871371035
0.11539300642265875
0.2066064748713199
0.14466725445164247
0.1260318653534258
0.11679299574789581
0.09733105773430203
0.14466725445164247
0.11679299574789581
0.11230302116573385
0.09733105773430203
0.09733105773430203
0.09733105773430203
0.14466725445164247
0.14466725445164247
0.09733105773430203
0.08462869289916451
0.11539300642265875
0.12916776793186677
0.09733105773430203
0.14466725445164247
0.12916776793186677
0.09733105773430203
0.11679299574789581
0.11754820559477024
0.08806679886598504
0.09733105773430203
0.11679299574789581
0.09733105773430203
0.09733105773430203
0.11754820559477024
0.13918756009018243
0.11539300642265875
0.14466725445164247
0.09038269075224376
0.1158455866634042
0.11679299574789581
0.08806679886598504
0.08462869289916451
0.18725668871371035
0.12916776793186677
0.09733105773430203
0.11754820559477024
0.12916776793186677
0.09733105773430203
0.1158455866634042
0.11679299574789581
0.12916776793186677
0.11679299574789581
0.09126336568994387
0.11539300642265875
0.11679299574789581
0.1158455866634042
0.14466725445164247
0.11754820559477024
0.09733105773430203
0.11679299574789581
0.11754820559477024
0.11679299574789581
0.12683064542756284
0.11679299574789581
0.14466725445164247
0.13918756009018243
0.048446912662605764
0.09733105773430203
0.14466725445164247
0.13918756009018243
0.11679299574789581
0.13918756009018243
0.1158455866634042
0.11679299574789581
0.11679299574789581
0.14466725445164247
0.09733105773430203
0.09733105773430203
0.09733105773430203
0.14466725445164247
0.11539300642265875
0.14466725445164247
0.09733105773430203
0.07504760293002377
0.11754820559477024
0.12916776793186677
0.14466725445164247
0.07504760293002377
0.09733105773430203
0.11539300642265875
0.12916776793186677
0.14466725445164247
0.18725668871371035
0.14466725445164247
0.14466725445164247
0.11679299574789581
0.11679299574789581
0.14466725445164247
0.09733105773430203
0.12916776793186677
0.09733105773430203
0.14466725445164247
0.11539300642265875
0.11679299574789581
0.1205758989945209
0.14466725445164247
0.11679299574789581
0.11754820559477024
0.048446912662605764
0.1158455866634042
0.11539300642265875
0.09733105773430203
0.12916776793186677
0.13918756009018243
0.09733105773430203
0.09733105773430203
0.1158455866634042
0.11539300642265875
0.11754820559477024
0.10201695834685573
0.14466725445164247
0.11679299574789581
0.11754820559477024
0.14466725445164247
0.1158455866634042
0.12683064542756284
0.13918756009018243
0.11539300642265875
0.13918756009018243
0.1158455866634042
0.11679299574789581
0.1158455866634042
0.09733105773430203
0.11095531978869964
0.1158455866634042
0.09733105773430203
0.11679299574789581
0.14466725445164247
0.12458635617949387
0.09733105773430203
0.11539300642265875
0.09733105773430203
0.09733105773430203
0.09733105773430203
0.12688418255927306
0.11679299574789581
0.11679299574789581
0.13918756009018243
0.1158455866634042
0.12683064542756284
0.18725668871371035
0.10491526452779222
0.11679299574789581
0.11679299574789581
0.13918756009018243
0.11754820559477024
0.09733105773430203
0.13918756009018243
0.09733105773430203
0.09126336568994387
0.11679299574789581
0.12916776793186677
0.1158455866634042
0.11679299574789581
0.09733105773430203
0.1158455866634042
0.11095531978869964
0.11679299574789581
0.11754820559477024
0.09733105773430203
0.11679299574789581
0.1158455866634042
0.13918756009018243
0.11679299574789581
0.1158455866634042
0.18725668871371035
0.14466725445164247
0.0592634655003003
0.14466725445164247
0.11754820559477024
0.09733105773430203
0.09733105773430203
0.09733105773430203
0.14466725445164247
0.13918756009018243
0.09733105773430203
0.11679299574789581
0.12683064542756284
0.14466725445164247
0.11317134747875968
0.11679299574789581
0.048446912662605764
0.13918756009018243
0.11754820559477024
0.0592634655003003
0.11679299574789581
0.11095531978869964
0.11679299574789581
0.11754820559477024
0.11679299574789581
0.11539300642265875
0.11679299574789581
0.13918756009018243
0.12916776793186677
0.11679299574789581
0.1158455866634042
0.11679299574789581
0.1158455866634042
0.14466725445164247
0.1205758989945209
0.11539300642265875
0.09733105773430203
0.11317134747875968
0.1158455866634042
0.14466725445164247
0.09733105773430203
0.12916776793186677
0.13918756009018243
0.11754820559477024
0.1205758989945209
0.14466725445164247
0.12916776793186677
0.12683064542756284
0.1158455866634042
0.09733105773430203
0.11679299574789581
0.12916776793186677
0.11539300642265875
0.11679299574789581
0.1158455866634042
0.09126336568994387
0.1158455866634042
0.12683064542756284
0.12683064542756284
0.11539300642265875
0.14466725445164247
0.13918756009018243
0.05026778735096087
0.11539300642265875
0.08628685330453958
0.14466725445164247
0.08559836112089533
0.14300611578930178
0.11679299574789581
0.14466725445164247
0.11754820559477024
0.13918756009018243
0.11539300642265875
0.11679299574789581
0.11754820559477024
0.12916776793186677
0.12683064542756284
0.1158455866634042
0.09733105773430203
0.12683064542756284
0.14466725445164247
0.12916776793186677
0.14466725445164247
0.09733105773430203
0.09733105773430203
0.11679299574789581
0.14466725445164247
0.12916776793186677
0.09733105773430203
0.14466725445164247
0.11583843612081461
0.04055746587328374
0.048446912662605764
0.14466725445164247
0.12683064542756284
0.12683064542756284
0.09126336568994387
0.12916776793186677
0.1345752127029635
0.11539300642265875
0.11317134747875968
0.11679299574789581
0.11539300642265875
0.11317134747875968
0.14466725445164247
0.11679299574789581
0.14466725445164247
0.05417442490820011
0.11754820559477024
0.10491526452779222
0.08071063988486067
0.09733105773430203
0.11679299574789581
0.14466725445164247
0.14466725445164247
0.12683064542756284
0.08559836112089533
0.12916776793186677
0.14466725445164247
0.14466725445164247
0.11679299574789581
0.1158455866634042
0.1158455866634042
0.10491526452779222
0.09733105773430203
0.11679299574789581
0.08559836112089533
0.12916776793186677
0.1158455866634042
0.12683064542756284
0.14466725445164247
0.12683064542756284
0.14466725445164247
0.09733105773430203
0.13918756009018243
0.1205758989945209
0.11754820559477024
0.11317134747875968
0.14466725445164247
0.04055746587328374
0.11095531978869964
0.11095531978869964
0.10018142468959262
0.13918756009018243
0.09733105773430203
0.11679299574789581
0.12683064542756284
0.11679299574789581
0.12683064542756284
0.14466725445164247
0.1158455866634042
0.12683064542756284
0.14466725445164247
0.11095531978869964
0.12683064542756284
0.14466725445164247
0.11679299574789581
0.14466725445164247
0.11754820559477024
0.11539300642265875
0.14466725445164247
0.1158455866634042
0.11539300642265875
0.11679299574789581
0.04553657386943579
0.11539300642265875
0.14466725445164247
0.09195860006362475
0.12916776793186677
0.1205758989945209
0.11539300642265875
0.10491526452779222
0.11317134747875968
0.11095531978869964
0.11679299574789581
0.11679299574789581
0.11679299574789581
0.12683064542756284
0.12683064542756284
0.1158455866634042
0.1205758989945209
0.14466725445164247
0.11317134747875968
0.13918756009018243
0.1158455866634042
0.13918756009018243
0.10491526452779222
0.11317134747875968
0.08105665628025722
0.1158455866634042
0.11679299574789581
0.12683064542756284
0.10491526452779222
0.14466725445164247
0.13918756009018243
0.13918756009018243
0.13913193672594693
0.12683064542756284
0.12683064542756284
0.12683064542756284
0.14466725445164247
0.12683064542756284
0.11679299574789581
0.13918756009018243
0.10018142468959262
0.1205758989945209
0.04055746587328374
0.10018142468959262
0.14466725445164247
0.11539300642265875
0.12683064542756284
0.13918756009018243
0.14466725445164247
0.11754820559477024
0.169828159448199
0.14466725445164247
0.169828159448199
0.12683064542756284
0.14466725445164247
0.13918756009018243
0.12683064542756284
0.14466725445164247
0.11679299574789581
0.11679299574789581
0.12683064542756284
0.13918756009018243
0.13918756009018243
0.1158455866634042
0.11679299574789581
0.11095531978869964
0.12683064542756284
0.07101409584217
0.11679299574789581
0.12683064542756284
0.10018142468959262
0.08963357964216809
0.03956761062699815
0.11539300642265875
0.11317134747875968
0.14466725445164247
0.11539300642265875
0.14466725445164247
0.12683064542756284
0.12683064542756284
0.11095531978869964
0.14466725445164247
0.08071063988486067
0.13918756009018243
0.12683064542756284
0.11317134747875968
0.12916776793186677
0.11539300642265875
0.11095531978869964
0.10825008729991238
0.06810021786154537
0.13918756009018243
0.12683064542756284
0.13918756009018243
0.13918756009018243
0.169828159448199
0.10491526452779222
0.04569421198572896
0.13918756009018243
0.11317134747875968
0.03956761062699815
0.10491526452779222
0.11317134747875968
0.11539300642265875
0.12683064542756284
0.12916776793186677
0.14466725445164247
0.10491526452779222
0.12683064542756284
0.13918756009018243
0.12683064542756284
0.11679299574789581
0.10825008729991238
0.12683064542756284
0.10282233401934149
0.08963357964216809
0.13918756009018243
0.12683064542756284
0.13918756009018243
0.13918756009018243
0.11095531978869964
0.10491526452779222
0.12683064542756284
0.12683064542756284
0.12683064542756284
0.11317134747875968
0.11679299574789581
0.04569421198572896
0.10825008729991238
0.13918756009018243
0.169828159448199
0.12683064542756284
0.12683064542756284
0.11317134747875968
0.11317134747875968
0.10491526452779222
0.1413192090932549
0.12683064542756284
0.0744674277207294
0.12683064542756284
0.13918756009018243
0.13918756009018243
0.13918756009018243
0.14466725445164247
0.12683064542756284
0.12683064542756284
0.169828159448199
0.11317134747875968
0.11095531978869964
0.0744674277207294
0.10491526452779222
0.12683064542756284
0.13918756009018243
0.11095531978869964
0.14466725445164247
0.11095531978869964
0.12683064542756284
0.11679299574789581
0.19105592762165366
0.13918756009018243
0.12683064542756284
0.12683064542756284
0.13918756009018243
0.10825008729991238
0.13918756009018243
0.12683064542756284
0.061952399593944475
0.05417442490820011
0.13918756009018243
0.14466725445164247
0.12683064542756284
0.12916776793186677
0.13918756009018243
0.12683064542756284
0.169828159448199
0.12683064542756284
0.10491526452779222
0.169828159448199
0.08963357964216809
0.0744674277207294
0.10966952412074038
0.08105665628025722
0.12683064542756284
0.05532041492378013
0.10825008729991238
0.12683064542756284
0.13918756009018243
0.13918756009018243
0.13918756009018243
0.13918756009018243
0.11095531978869964
0.10966952412074038
0.10491526452779222
0.11317134747875968
0.169828159448199
0.11317134747875968
0.14466725445164247
0.08967052182976974
0.13918756009018243
0.11317134747875968
0.14466725445164247
0.13918756009018243
0.1631147665132666
0.13918756009018243
0.07109790944828898
0.10491526452779222
0.169828159448199
0.04999910242384474
0.10825008729991238
0.10825008729991238
0.12683064542756284
0.12683064542756284
0.08963357964216809
0.13918756009018243
0.12683064542756284
0.11317134747875968
0.14466725445164247
0.14466725445164247
0.11095531978869964
0.169828159448199
0.13918756009018243
0.08963357964216809
0.11095531978869964
0.11317134747875968
0.169828159448199
0.08963357964216809
0.169828159448199
0.13918756009018243
0.13918756009018243
0.169828159448199
0.169828159448199
0.14466725445164247
0.08197742132767515
0.12683064542756284
0.11317134747875968
0.11317134747875968
0.0744674277207294
0.10825008729991238
0.1631147665132666
0.0744674277207294
0.11317134747875968
0.11317134747875968
0.07834565225454061
0.169828159448199
0.12683064542756284
0.13918756009018243
0.059754901966530556
0.12683064542756284
0.12683064542756284
0.169828159448199
0.11317134747875968
0.11095531978869964
0.11095531978869964
0.11317134747875968
0.169828159448199
0.169828159448199
0.169828159448199
0.169828159448199
0.169828159448199
0.10491526452779222
0.11317134747875968
0.04569421198572896
0.11317134747875968
0.12683064542756284
0.169828159448199
0.13918756009018243
0.13918756009018243
0.05417442490820011
0.10966952412074038
0.06810021786154537
0.13918756009018243
0.11095531978869964
0.06810021786154537
0.169828159448199
0.169828159448199
0.10825008729991238
0.11317134747875968
0.11317134747875968
0.11317134747875968
0.06139223113027674
0.169828159448199
0.12683064542756284
0.12683064542756284
0.11095531978869964
0.10491526452779222
0.11095531978869964
0.11095531978869964
0.05963427723697533
0.10825008729991238
0.07834565225454061
0.10491526452779222
0.12683064542756284
0.061952399593944475
0.10491526452779222
0.10491526452779222
0.12683064542756284
0.12683064542756284
0.11317134747875968
0.10491526452779222
0.10795510905807021
0.11317134747875968
0.169828159448199
0.11317134747875968
0.05963427723697533
0.10491526452779222
0.06139223113027674
0.11317134747875968
0.12683064542756284
0.11317134747875968
0.08843626611589823
0.169828159448199
0.10966952412074038
0.10491526452779222
0.0744674277207294
0.06039954316279676
0.07109790944828898
0.10491526452779222
0.10491526452779222
0.06139223113027674
0.11095531978869964
0.169828159448199
0.169828159448199
0.12683064542756284
0.14276888195117882
0.169828159448199
0.10966952412074038
0.10491526452779222
0.12683064542756284
0.09771819037824006
0.10966952412074038
0.05963427723697533
0.10491526452779222
0.169828159448199
0.11317134747875968
0.10795510905807021
0.11317134747875968
0.06139223113027674
0.169828159448199
0.047193342108638375
0.11317134747875968
0.169828159448199
0.169828159448199
0.12683064542756284
0.10491526452779222
0.11317134747875968
0.10491526452779222
0.169828159448199
0.14276888195117882
0.05963427723697533
0.09771819037824006
0.13998003588765467
0.13998003588765467
0.12683064542756284
0.169828159448199
0.169828159448199
0.169828159448199
0.0504443929996618
0.07834565225454061
0.11317134747875968
0.169828159448199
0.13998003588765467
0.0504443929996618
0.11317134747875968
0.11317134747875968
0.09771819037824006
0.11722531321645359
0.103805239608239
0.10491526452779222
0.0504443929996618
0.06903099515807033
0.09901939667274622
0.13998003588765467
0.06903099515807033
0.11317134747875968
0.10446081273391544
0.11317134747875968
0.13998003588765467
0.11722531321645359
0.06903099515807033
0.06903099515807033
0.11170696217122092
0.169828159448199
0.11722531321645359
0.06903099515807033
0.14276888195117882
0.169828159448199
0.11317134747875968
0.08843626611589823
0.06903099515807033
0.11722531321645359
0.13998003588765467
0.13998003588765467
0.11722531321645359
0.10795510905807021
0.10314822931626624
0.10491526452779222
0.11722531321645359
0.07745017610688777
0.13998003588765467
0.13972464806546536
0.10795510905807021
0.103805239608239
0.13998003588765467
0.13972464806546536
0.10314822931626624
0.13998003588765467
0.13972464806546536
0.11317134747875968
0.09771819037824006
0.10314822931626624
0.10314822931626624
0.11317134747875968
0.103805239608239
0.103805239608239
0.10278752151013096
0.169828159448199
0.11722531321645359
0.11317134747875968
0.09901939667274622
0.09901939667274622
0.10795510905807021
0.11722531321645359
0.10795510905807021
0.10795510905807021
0.09901939667274622
0.13998003588765467
0.09901939667274622
0.13998003588765467
0.10278752151013096
0.09771819037824006
0.10278752151013096
0.13998003588765467
0.09901939667274622
0.14276888195117882
0.13972464806546536
0.09162799541739323
0.10314822931626624
0.10795510905807021
0.11187821730017193
0.10314822931626624
0.11722531321645359
0.11317134747875968
0.09771819037824006
0.10795510905807021
0.10278752151013096
0.11722531321645359
0.10314822931626624
0.11722531321645359
0.169828159448199
0.10278752151013096
0.10314822931626624
0.11722531321645359
0.13998003588765467
0.103805239608239
0.13972464806546536
0.103805239608239
0.14276888195117882
0.10795510905807021
0.13972464806546536
0.10795510905807021
0.11722531321645359
0.13972464806546536
0.11722531321645359
0.07745017610688777
0.13972464806546536
0.09162799541739323
0.14276888195117882
0.169828159448199
0.14276888195117882
0.10149219163154583
0.10314822931626624
0.13998003588765467
0.13998003588765467
0.10314822931626624
0.103805239608239
0.103805239608239
0.14276888195117882
0.11187821730017193
0.09771819037824006
0.06879150420788437
0.12863741485503136
0.15820436295420112
0.11317134747875968
0.103805239608239
0.103805239608239
0.13998003588765467
0.13972464806546536
0.13972464806546536
0.15820436295420112
0.09901939667274622
0.11187821730017193
0.11722531321645359
0.15820436295420112
0.15820436295420112
0.11722531321645359
0.11722531321645359
0.103805239608239
0.13972464806546536
0.103805239608239
0.13972464806546536
0.103805239608239
0.09901939667274622
0.11722531321645359
0.10149219163154583
0.13972464806546536
0.10795510905807021
0.0702783566317054
0.11722531321645359
0.10314822931626624
0.14276888195117882
0.10795510905807021
0.0702783566317054
0.0702783566317054
0.11722531321645359
0.10314822931626624
0.09901939667274622
0.14276888195117882
0.10314822931626624
0.15820436295420112
0.06083026607010645
0.103805239608239
0.10278752151013096
0.10314822931626624
0.10314822931626624
0.09901939667274622
0.10314822931626624
0.10314822931626624
0.14276888195117882
0.10278752151013096
0.169828159448199
0.09901939667274622
0.09901939667274622
0.0702783566317054
0.10795510905807021
0.14276888195117882
0.11722531321645359
0.103805239608239
0.15820436295420112
0.09901939667274622
0.10278752151013096
0.10278752151013096
0.10278752151013096
0.10795510905807021
0.13998003588765467
0.13998003588765467
0.13972464806546536
0.09162799541739323
0.10278752151013096
0.13998003588765467
0.10795510905807021
0.10795510905807021
0.13998003588765467
0.10278752151013096
0.10314822931626624
0.13998003588765467
0.13972464806546536
0.13972464806546536
0.103805239608239
0.13998003588765467
0.103805239608239
0.09901939667274622
0.10314822931626624
0.13998003588765467
0.169828159448199
0.10795510905807021
0.13998003588765467
0.12863741485503136
0.13998003588765467
0.103805239608239
0.10314822931626624
0.103805239608239
0.09901939667274622
0.103805239608239
0.10795510905807021
0.10795510905807021
0.10278752151013096
0.10795510905807021
0.09901939667274622
0.06083026607010645
0.13998003588765467
0.0702783566317054
0.103805239608239
0.10278752151013096
0.10278752151013096
0.103805239608239
0.13998003588765467
0.103805239608239
0.10795510905807021
0.10795510905807021
0.11722531321645359
0.11789393675630162
0.12863741485503136
0.15820436295420112
0.10278752151013096
0.10795510905807021
0.103805239608239
0.10314822931626624
0.11722531321645359
0.0702783566317054
0.13998003588765467
0.0702783566317054
0.15820436295420112
0.13972464806546536
0.103805239608239
0.16506339343739487
0.12863741485503136
0.10314822931626624
0.11722531321645359
0.103805239608239
0.0702783566317054
0.15820436295420112
0.13998003588765467
0.11722531321645359
0.103805239608239
0.13998003588765467
0.15820436295420112
0.15820436295420112
0.15820436295420112
0.13998003588765467
0.15820436295420112
0.13972464806546536
0.10795510905807021
0.10314822931626624
0.11722531321645359
0.10314822931626624
0.10795510905807021
0.10795510905807021
0.09382185173930906
0.09382185173930906
0.13998003588765467
0.10795510905807021
0.13998003588765467
0.103805239608239
0.10278752151013096
0.11722531321645359
0.103805239608239
0.10278752151013096
0.103805239608239
0.09901939667274622
0.13972464806546536
0.14276888195117882
0.09901939667274622
0.10795510905807021
0.169828159448199
0.09382185173930906
0.09382185173930906
0.10278752151013096
0.13972464806546536
0.13998003588765467
0.10278752151013096
0.13998003588765467
0.103805239608239
0.103805239608239
0.15820436295420112
0.10314822931626624
0.103805239608239
0.10795510905807021
0.06083026607010645
0.09901939667274622
0.10314822931626624
0.11722531321645359
0.13972464806546536
0.09901939667274622
0.10795510905807021
0.12863741485503136
0.13998003588765467
0.10278752151013096
0.103805239608239
0.13998003588765467
0.13998003588765467
0.103805239608239
0.169828159448199
0.09901939667274622
0.13998003588765467
0.103805239608239
0.11722531321645359
0.16506339343739487
0.10278752151013096
0.10795510905807021
0.10278752151013096
0.10795510905807021
0.11722531321645359
0.12863741485503136
0.10314822931626624
0.103805239608239
0.10278752151013096
0.14276888195117882
0.103805239608239
0.13998003588765467
0.10314822931626624
0.103805239608239
0.10314822931626624
0.15820436295420112
0.16506339343739487
0.09382185173930906
0.13998003588765467
0.13972464806546536
0.14276888195117882
0.15820436295420112
0.10314822931626624
0.103805239608239
0.10278752151013096
0.09901939667274622
0.10314822931626624
0.0702783566317054
0.13998003588765467
0.103805239608239
0.10314822931626624
0.10314822931626624
0.09901939667274622
0.13998003588765467
0.13998003588765467
0.11722531321645359
0.103805239608239
0.11722531321645359
0.13998003588765467
0.103805239608239
0.13998003588765467
0.10278752151013096
0.10795510905807021
0.09901939667274622
0.13998003588765467
0.13998003588765467
0.07485958756665646
0.10314822931626624
0.10795510905807021
0.10314822931626624
0.103805239608239
0.103805239608239
0.09901939667274622
0.13972464806546536
0.09901939667274622
0.13998003588765467
0.10278752151013096
0.13998003588765467
0.11722531321645359
0.10795510905807021
0.09901939667274622
0.10314822931626624
0.103805239608239
0.09901939667274622
0.11789393675630162
0.0702783566317054
0.13972464806546536
0.10314822931626624
0.10795510905807021
0.15820436295420112
0.15820436295420112
0.13972464806546536
0.10278752151013096
0.10795510905807021
0.11722531321645359
0.10795510905807021
0.103805239608239
0.10314822931626624
0.13998003588765467
0.13998003588765467
0.15820436295420112
0.13998003588765467
0.11722531321645359
0.10314822931626624
0.14276888195117882
0.10314822931626624
0.10795510905807021
0.11073903832854667
0.13998003588765467
0.10795510905807021
0.15820436295420112
0.09901939667274622
0.09901939667274622
0.09901939667274622
0.11722531321645359
0.13998003588765467
0.13998003588765467
0.15820436295420112
0.13998003588765467
0.103805239608239
0.07693154897555175
0.103805239608239
0.09901939667274622
0.09901939667274622
0.09901939667274622
0.10278752151013096
0.10278752151013096
0.11722531321645359
0.09382185173930906
0.13998003588765467
0.09901939667274622
0.15820436295420112
0.12863741485503136
0.06432823107597561
0.11722531321645359
0.14276888195117882
0.10795510905807021
0.13972464806546536
0.11722531321645359
0.14276888195117882
0.09901939667274622
0.10278752151013096
0.10278752151013096
0.103805239608239
0.09901939667274622
0.09901939667274622
0.10278752151013096
0.09901939667274622
0.10314822931626624
0.103805239608239
0.13998003588765467
0.103805239608239
0.103805239608239
0.103805239608239
0.103805239608239
0.13998003588765467
0.11722531321645359
0.103805239608239
0.10278752151013096
0.13998003588765467
0.10795510905807021
0.13998003588765467
0.10795510905807021
0.10795510905807021
0.10795510905807021
0.11722531321645359
0.13972464806546536
0.11722531321645359
0.09901939667274622
0.09901939667274622
0.14276888195117882
0.15820436295420112
0.10795510905807021
0.10314822931626624
0.13972464806546536
0.103805239608239
0.13972464806546536
0.02764525049982826
0.13998003588765467
0.13972464806546536
0.13972464806546536
0.10278752151013096
0.10314822931626624
0.10314822931626624
0.103805239608239
0.11722531321645359
0.10278752151013096
0.09901939667274622
0.09901939667274622
0.103805239608239
0.13998003588765467
0.09901939667274622
0.13998003588765467
0.11722531321645359
0.10795510905807021
0.11789393675630162
0.10314822931626624
0.14276888195117882
0.10723959688910331
0.103805239608239
0.13998003588765467
0.13998003588765467
0.103805239608239
0.13998003588765467
0.103805239608239
0.1522105007964974
0.10314822931626624
0.15820436295420112
0.13998003588765467
0.10278752151013096
0.02764525049982826
0.13998003588765467
0.13972464806546536
0.09901939667274622
0.13998003588765467
0.09901939667274622
0.11722531321645359
0.09901939667274622
0.103805239608239
0.09901939667274622
0.10314822931626624
0.14276888195117882
0.13998003588765467
0.13998003588765467
0.10278752151013096
0.16506339343739487
0.09901939667274622
0.11722531321645359
0.10278752151013096
0.13998003588765467
0.10795510905807021
0.11722531321645359
0.10314822931626624
0.13998003588765467
0.103805239608239
0.10278752151013096
0.10795510905807021
0.15820436295420112
0.103805239608239
0.10314822931626624
0.10278752151013096
0.10278752151013096
0.13998003588765467
0.11722531321645359
0.09901939667274622
0.103805239608239
0.09901939667274622
0.10278752151013096
0.13998003588765467
0.09901939667274622
0.103805239608239
0.15820436295420112
0.09901939667274622
0.10278752151013096
0.103805239608239
0.10314822931626624
0.103805239608239
0.13998003588765467
0.13998003588765467
0.15820436295420112
0.169828159448199
0.16506339343739487
0.16506339343739487
0.15820436295420112
0.09901939667274622
0.13998003588765467
0.10795510905807021
0.103805239608239
0.14276888195117882
0.09901939667274622
0.09901939667274622
0.11722531321645359
0.12863741485503136
0.103805239608239
0.15820436295420112
0.09901939667274622
0.12993808830847312
0.10278752151013096
0.10314822931626624
0.13998003588765467
0.10314822931626624
0.10314822931626624
0.10795510905807021
0.10278752151013096
0.10278752151013096
0.10795510905807021
0.11722531321645359
0.103805239608239
0.13998003588765467
0.10314822931626624
0.103805239608239
0.13972464806546536
0.08556503275709053
0.103805239608239
0.11722531321645359
0.10314822931626624
0.103805239608239
0.10314822931626624
0.10278752151013096
0.13998003588765467
0.11722531321645359
0.11722531321645359
0.13998003588765467
0.13998003588765467
0.10278752151013096
0.09901939667274622
0.103805239608239
0.10795510905807021
0.13998003588765467
0.13998003588765467
0.10314822931626624
0.10278752151013096
0.10314822931626624
0.10314822931626624
0.10314822931626624
0.10795510905807021
0.13972464806546536
0.16506339343739487
0.09901939667274622
0.15820436295420112
0.103805239608239
0.13972464806546536
0.14276888195117882
0.13972464806546536
0.103805239608239
0.10278752151013096
0.09350710235270421
0.10314822931626624
0.12863741485503136
0.12863741485503136
0.11722531321645359
0.10278752151013096
0.09901939667274622
0.10278752151013096
0.10314822931626624
0.09901939667274622
0.13998003588765467
0.10278752151013096
0.10314822931626624
0.09901939667274622
0.13998003588765467
0.09350710235270421
0.09901939667274622
0.10278752151013096
0.11722531321645359
0.11722531321645359
0.11722531321645359
0.10314822931626624
0.10314822931626624
0.15820436295420112
0.10314822931626624
0.13972464806546536
0.16506339343739487
0.13972464806546536
0.06432823107597561
0.13998003588765467
0.11722531321645359
0.103805239608239
0.10314822931626624
0.103805239608239
0.09901939667274622
0.10795510905807021
0.103805239608239
0.15820436295420112
0.12863741485503136
0.10314822931626624
0.103805239608239
0.10314822931626624
0.103805239608239
0.10795510905807021
0.10795510905807021
0.13998003588765467
0.13972464806546536
0.12863741485503136
0.11722531321645359
0.09901939667274622
0.10314822931626624
0.10795510905807021
0.13998003588765467
0.11722531321645359
0.10795510905807021
0.10314822931626624
0.10795510905807021
0.06432823107597561
0.09901939667274622
0.10278752151013096
0.09901939667274622
0.11722531321645359
0.09901939667274622
0.169828159448199
0.103805239608239
0.103805239608239
0.13972464806546536
0.13998003588765467
0.09901939667274622
0.11722531321645359
0.11722531321645359
0.13998003588765467
0.10795510905807021
0.14276888195117882
0.12863741485503136
0.10278752151013096
0.10314822931626624
0.11722531321645359
0.10314822931626624
0.10314822931626624
0.09901939667274622
0.10278752151013096
0.13998003588765467
0.10314822931626624
0.13998003588765467
0.14276888195117882
0.09901939667274622
0.12863741485503136
0.13972464806546536
0.103805239608239
0.10795510905807021
0.10795510905807021
0.10278752151013096
0.103805239608239
0.09901939667274622
0.10314822931626624
0.09901939667274622
0.14276888195117882
0.103805239608239
0.11073903832854667
0.10314822931626624
0.11789393675630162
0.09901939667274622
0.10314822931626624
0.15820436295420112
0.11073903832854667
0.11722531321645359
0.103805239608239
0.10314822931626624
0.103805239608239
0.14276888195117882
0.14276888195117882
0.13998003588765467
0.11073903832854667
0.15820436295420112
0.13972464806546536
0.10278752151013096
0.13998003588765467
0.05353159787172616
0.169828159448199
0.11722531321645359
0.10278752151013096
0.14276888195117882
0.103805239608239
0.13998003588765467
0.103805239608239
0.10278752151013096
0.09901939667274622
0.13998003588765467
0.10278752151013096
0.11722531321645359
0.11789393675630162
0.11789393675630162
0.11073903832854667
0.1148658828719
0.13972464806546536
0.14276888195117882
0.13998003588765467
0.11789393675630162
0.09901939667274622
0.15820436295420112
0.10314822931626624
0.10314822931626624
0.11722531321645359
0.13998003588765467
0.09350710235270421
0.10278752151013096
0.11073903832854667
0.103805239608239
0.10314822931626624
0.13998003588765467
0.10278752151013096
0.09901939667274622
0.11073903832854667
0.10795510905807021
0.10278752151013096
0.09350710235270421
0.11789393675630162
0.103805239608239
0.09901939667274622
0.13998003588765467
0.11789393675630162
0.10314822931626624
0.10795510905807021
0.1299106058797681
0.09901939667274622
0.10795510905807021
0.10314822931626624
0.10278752151013096
0.05353159787172616
0.13998003588765467
0.1299106058797681
0.09901939667274622
0.103805239608239
0.10795510905807021
0.10314822931626624
0.08924145564177675
0.103805239608239
0.13972464806546536
0.1522105007964974
0.15820436295420112
0.09901939667274622
0.10278752151013096
0.06007773553919023
0.103805239608239
0.15820436295420112
0.09901939667274622
0.103805239608239
0.09901939667274622
0.103805239608239
0.10278752151013096
0.103805239608239
0.10314822931626624
0.09901939667274622
0.15820436295420112
0.103805239608239
0.15820436295420112
0.09901939667274622
0.15820436295420112
0.15820436295420112
0.09901939667274622
0.11789393675630162
0.10278752151013096
0.10314822931626624
0.10314822931626624
0.103805239608239
0.15820436295420112
0.09901939667274622
0.10314822931626624
0.10314822931626624
0.10795510905807021
0.16506339343739487
0.10314822931626624
0.15820436295420112
0.103805239608239
0.10314822931626624
0.09901939667274622
0.11789393675630162
0.1299106058797681
0.11722531321645359
0.10795510905807021
0.13998003588765467
0.103805239608239
0.09901939667274622
0.103805239608239
0.10314822931626624
0.11722531321645359
0.10314822931626624
0.10278752151013096
0.10278752151013096
0.12522238549337414
0.09901939667274622
0.10278752151013096
0.10278752151013096
0.10278752151013096
0.14276888195117882
0.15820436295420112
0.08556503275709053
0.09901939667274622
0.14276888195117882
0.10278752151013096
0.103805239608239
0.13998003588765467
0.10314822931626624
0.10795510905807021
0.103805239608239
0.10795510905807021
0.11789393675630162
0.11789393675630162
0.10314822931626624
0.103805239608239
0.10795510905807021
0.10278752151013096
0.10278752151013096
0.15820436295420112
0.11073903832854667
0.13998003588765467
0.10278752151013096
0.10314822931626624
0.10314822931626624
0.16506339343739487
0.103805239608239
0.15820436295420112
0.10314822931626624
0.10314822931626624
0.14276888195117882
0.10314822931626624
0.11789393675630162
0.14276888195117882
0.11789393675630162
0.10314822931626624
0.10314822931626624
0.15820436295420112
0.13972464806546536
0.16506339343739487
0.10795510905807021
0.10314822931626624
0.15820436295420112
0.13972464806546536
0.11073903832854667
0.11722531321645359
0.13998003588765467
0.15820436295420112
0.13972464806546536
0.10314822931626624
0.10278752151013096
0.10314822931626624
0.10314822931626624
0.10278752151013096
0.14276888195117882
0.10795510905807021
0.103805239608239
0.12863741485503136
0.10795510905807021
0.13998003588765467
0.10795510905807021
0.10795510905807021
0.09901939667274622
0.10278752151013096
0.10278752151013096
0.1148658828719
0.13998003588765467
0.10314822931626624
0.103805239608239
0.11789393675630162
0.1522105007964974
0.12863741485503136
0.10278752151013096
0.15820436295420112
0.103805239608239
0.1522105007964974
0.103805239608239
0.11789393675630162
0.11073903832854667
0.13972464806546536
0.103805239608239
0.1299106058797681
0.11789393675630162
0.10314822931626624
0.103805239608239
0.1299106058797681
0.10278752151013096
0.11789393675630162
0.11789393675630162
0.11789393675630162
0.06007773553919023
0.10314822931626624
0.11789393675630162
0.10278752151013096
0.12522238549337414
0.09778082384717005
0.103805239608239
0.10278752151013096
0.09901939667274622
0.13998003588765467
0.10278752151013096
0.103805239608239
0.15820436295420112
0.11722531321645359
0.10278752151013096
0.15820436295420112
0.13998003588765467
0.10314822931626624
0.047659849208107896
0.1522105007964974
0.16506339343739487
0.11789393675630162
0.12522238549337414
0.09901939667274622
0.11789393675630162
0.10278752151013096
0.10314822931626624
0.09901939667274622
0.09901939667274622
0.103805239608239
0.15820436295420112
0.10795510905807021
0.11722531321645359
0.09901939667274622
0.15820436295420112
0.11789393675630162
0.10278752151013096
0.103805239608239
0.16506339343739487
0.11073903832854667
0.16506339343739487
0.11789393675630162
0.09901939667274622
0.11073903832854667
0.09901939667274622
0.1522105007964974
0.09901939667274622
0.09901939667274622
0.103805239608239
0.1299106058797681
0.11837756475000513
0.15820436295420112
0.1522105007964974
0.10314822931626624
0.15820436295420112
0.09901939667274622
0.12522238549337414
0.11722531321645359
0.1522105007964974
0.15820436295420112
0.13972464806546536
0.10314822931626624
0.09901939667274622
0.11789393675630162
0.15820436295420112
0.10314822931626624
0.13998003588765467
0.11837756475000513
0.09901939667274622
0.103805239608239
0.14276888195117882
0.15820436295420112
0.10795510905807021
0.14276888195117882
0.10278752151013096
0.21210274696224324
0.09901939667274622
0.09901939667274622
0.1148658828719
0.11722531321645359
0.1522105007964974
0.10795510905807021
0.16506339343739487
0.047659849208107896
0.06483894644014006
0.09901939667274622
0.12863741485503136
0.09901939667274622
0.12522238549337414
0.12522238549337414
0.103805239608239
0.11789393675630162
0.11722531321645359
0.10314822931626624
0.11789393675630162
0.12863741485503136
0.10795510905807021
0.12522238549337414
0.10278752151013096
0.10314822931626624
0.14276888195117882
0.10278752151013096
0.103805239608239
0.103805239608239
0.11789393675630162
0.11789393675630162
0.11789393675630162
0.10278752151013096
0.10795510905807021
0.09901939667274622
0.21210274696224324
0.103805239608239
0.15820436295420112
0.10795510905807021
0.11073903832854667
0.10314822931626624
0.15820436295420112
0.21210274696224324
0.10278752151013096
0.10278752151013096
0.09901939667274622
0.10314822931626624
0.11789393675630162
0.15820436295420112
0.11837756475000513
0.1522105007964974
0.11789393675630162
0.12522238549337414
0.15820436295420112
0.15820436295420112
0.11789393675630162
0.1148658828719
0.11789393675630162
0.10314822931626624
0.15820436295420112
0.15820436295420112
0.14276888195117882
0.15820436295420112
0.10278752151013096
0.10278752151013096
0.11789393675630162
0.10278752151013096
0.15820436295420112
0.15820436295420112
0.09901939667274622
0.11789393675630162
0.11789393675630162
0.10314822931626624
0.12522238549337414
0.103805239608239
0.15820436295420112
0.10314822931626624
0.09901939667274622
0.15820436295420112
0.10278752151013096
0.11789393675630162
0.10314822931626624
0.047659849208107896
0.14276888195117882
0.10314822931626624
0.09901939667274622
0.10278752151013096
0.15820436295420112
0.15820436295420112
0.16506339343739487
0.10278752151013096
0.10278752151013096
0.10278752151013096
0.10314822931626624
0.10278752151013096
0.0967919816797859
0.047659849208107896
0.103805239608239
0.15820436295420112
0.16506339343739487
0.1522105007964974
0.1522105007964974
0.15820436295420112
0.10314822931626624
0.11789393675630162
0.10278752151013096
0.12522238549337414
0.10257825990799116
0.16506339343739487
0.047659849208107896
0.15820436295420112
0.09901939667274622
0.10278752151013096
0.16506339343739487
0.12522238549337414
0.10278752151013096
0.047659849208107896
0.11073903832854667
0.11837756475000513
0.1148658828719
0.10278752151013096
0.10795510905807021
0.1522105007964974
0.15820436295420112
0.10314822931626624
0.09778082384717005
0.09778082384717005
0.0967919816797859
0.10278752151013096
0.1522105007964974
0.15820436295420112
0.13972464806546536
0.1522105007964974
0.12522238549337414
0.12522238549337414
0.16506339343739487
0.103805239608239
0.103805239608239
0.1522105007964974
0.11789393675630162
0.0967919816797859
0.15820436295420112
0.10278752151013096
0.21210274696224324
0.12522238549337414
0.10314822931626624
0.15820436295420112
0.1148658828719
0.21210274696224324
0.15820436295420112
0.11837756475000513
0.0967919816797859
0.1522105007964974
0.21210274696224324
0.11789393675630162
0.0967919816797859
0.11837756475000513
0.0967919816797859
0.11789393675630162
0.0967919816797859
0.16506339343739487
0.154069004763618
0.12522238549337414
0.21210274696224324
0.11789393675630162
0.16506339343739487
0.11837756475000513
0.1148658828719
0.09778082384717005
0.16506339343739487
0.10878899608812648
0.10314822931626624
0.09901939667274622
0.12522238549337414
0.13128015927556816
0.047659849208107896
0.12522238549337414
0.0967919816797859
0.15820436295420112
0.12522238549337414
0.16506339343739487
0.1356519038541389
0.10278752151013096
0.11789393675630162
0.1278159247242322
0.10314822931626624
0.11837756475000513
0.10795510905807021
0.10278752151013096
0.10278752151013096
0.11073903832854667
0.11837756475000513
0.11837756475000513
0.11789393675630162
0.11789393675630162
0.1522105007964974
0.10278752151013096
0.11789393675630162
0.10278752151013096
0.10795510905807021
0.13128015927556816
0.11789393675630162
0.16506339343739487
0.15820436295420112
0.09901939667274622
0.21210274696224324
0.21210274696224324
0.1522105007964974
0.047659849208107896
0.10278752151013096
0.07126780363513269
0.1522105007964974
0.10314822931626624
0.11789393675630162
0.1148658828719
0.06004580246764782
0.21210274696224324
0.13998003588765467
0.1356519038541389
0.11789393675630162
0.06004580246764782
0.15820436295420112
0.0967919816797859
0.0967919816797859
0.1522105007964974
0.15820436295420112
0.15820436295420112
0.1522105007964974
0.10878899608812648
0.09778082384717005
0.10314822931626624
0.10314822931626624
0.15820436295420112
0.11789393675630162
0.15820436295420112
0.09778082384717005
0.11837756475000513
0.103805239608239
0.1522105007964974
0.11837756475000513
0.21210274696224324
0.15820436295420112
0.08665132265263
0.08737608187640165
0.103805239608239
0.11789393675630162
0.11789393675630162
0.1148658828719
0.09778082384717005
0.08665132265263
0.12522238549337414
0.11837756475000513
0.10278752151013096
0.15820436295420112
0.0967919816797859
0.08737608187640165
0.10878899608812648
0.0967919816797859
0.15820436295420112
0.11837756475000513
0.1522105007964974
0.0967919816797859
0.0967919816797859
0.11789393675630162
0.09778082384717005
0.12522238549337414
0.15820436295420112
0.15820436295420112
0.12522238549337414
0.11789393675630162
0.1522105007964974
0.15820436295420112
0.16506339343739487
0.10878899608812648
0.11789393675630162
0.11073903832854667
0.11073903832854667
0.12522238549337414
0.1522105007964974
0.12522238549337414
0.21210274696224324
0.11789393675630162
0.11837756475000513
0.11789393675630162
0.21210274696224324
0.12522238549337414
0.11073903832854667
0.0967919816797859
0.16506339343739487
0.1148658828719
0.0967919816797859
0.15820436295420112
0.11789393675630162
0.11073903832854667
0.21210274696224324
0.0967919816797859
0.15820436295420112
0.1148658828719
0.07126780363513269
0.21210274696224324
0.16506339343739487
0.12522238549337414
0.12522238549337414
0.15820436295420112
0.0967919816797859
0.16506339343739487
0.06970085060554236
0.09778082384717005
0.0967919816797859
0.08737608187640165
0.15820436295420112
0.12272458804316337
0.11789393675630162
0.0967919816797859
0.12522238549337414
0.12522238549337414
0.11789393675630162
0.11837756475000513
0.11789393675630162
0.13128015927556816
0.21210274696224324
0.10278752151013096
0.0967919816797859
0.11837756475000513
0.11837756475000513
0.1522105007964974
0.12522238549337414
0.11789393675630162
0.10878899608812648
0.09778082384717005
0.0967919816797859
0.09778082384717005
0.12522238549337414
0.10878899608812648
0.15820436295420112
0.12522238549337414
0.16506339343739487
0.15820436295420112
0.11789393675630162
0.0967919816797859
0.1522105007964974
0.11789393675630162
0.1522105007964974
0.09980900399125954
0.11837756475000513
0.09778082384717005
0.09778082384717005
0.0967919816797859
0.1522105007964974
0.0967919816797859
0.1278159247242322
0.12522238549337414
0.21210274696224324
0.11789393675630162
0.12522238549337414
0.1278159247242322
0.11789393675630162
0.09778082384717005
0.13128015927556816
0.09778082384717005
0.1148658828719
0.1278159247242322
0.09778082384717005
0.09980900399125954
0.11073903832854667
0.10314822931626624
0.0967919816797859
0.1522105007964974
0.21210274696224324
0.15820436295420112
0.12294267397950583
0.0967919816797859
0.15820436295420112
0.10878899608812648
0.21210274696224324
0.16506339343739487
0.11073903832854667
0.11837756475000513
0.0967919816797859
0.1522105007964974
0.16506339343739487
0.11837756475000513
0.16506339343739487
0.11789393675630162
0.1522105007964974
0.11837756475000513
0.12522238549337414
0.09778082384717005
0.12272458804316337
0.11837756475000513
0.15820436295420112
0.11789393675630162
0.0967919816797859
0.1148658828719
0.11837756475000513
0.11789393675630162
0.0967919816797859
0.0967919816797859
0.12294267397950583
0.11837756475000513
0.10278752151013096
0.0967919816797859
0.21210274696224324
0.09778082384717005
0.11837756475000513
0.11789393675630162
0.12522238549337414
0.1148658828719
0.11789393675630162
0.16506339343739487
0.11789393675630162
0.0967919816797859
0.09778082384717005
0.13128015927556816
0.10878899608812648
0.1148658828719
0.1522105007964974
0.1148658828719
0.0967919816797859
0.12522238549337414
0.15820436295420112
0.09778082384717005
0.1148658828719
0.0967919816797859
0.12522238549337414
0.09778082384717005
0.1278159247242322
0.1148658828719
0.21210274696224324
0.1148658828719
0.11789393675630162
0.12522238549337414
0.1148658828719
0.036112270477587714
0.1522105007964974
0.16506339343739487
0.11789393675630162
0.0967919816797859
0.11837756475000513
0.0967919816797859
0.1278159247242322
0.0967919816797859
0.1148658828719
0.12522238549337414
0.09778082384717005
0.09778082384717005
0.11837756475000513
0.11789393675630162
0.1148658828719
0.16506339343739487
0.11837756475000513
0.11837756475000513
0.09778082384717005
0.1278159247242322
0.036112270477587714
0.13128015927556816
0.10878899608812648
0.11789393675630162
0.1522105007964974
0.13128015927556816
0.09778082384717005
0.0967919816797859
0.11837756475000513
0.0967919816797859
0.11837756475000513
0.1522105007964974
0.11789393675630162
0.09778082384717005
0.11837756475000513
0.12272458804316337
0.16506339343739487
0.09980900399125954
0.11789393675630162
0.11789393675630162
0.15820436295420112
0.08737608187640165
0.12522238549337414
0.09778082384717005
0.09778082384717005
0.13128015927556816
0.21210274696224324
0.1278159247242322
0.12522238549337414
0.11837756475000513
0.11837756475000513
0.11837756475000513
0.16506339343739487
0.1278159247242322
0.09778082384717005
0.12522238549337414
0.09778082384717005
0.13187221516125322
0.0967919816797859
0.0967919816797859
0.09980900399125954
0.0967919816797859
0.21210274696224324
0.09778082384717005
0.09778082384717005
0.11789393675630162
0.12522238549337414
0.10878899608812648
0.1278159247242322
0.09778082384717005
0.21210274696224324
0.09980900399125954
0.10878899608812648
0.1278159247242322
0.0967919816797859
0.1617573933429721
0.036112270477587714
0.21210274696224324
0.1278159247242322
0.12272458804316337
0.09778082384717005
0.15820436295420112
0.1278159247242322
0.11789393675630162
0.16506339343739487
0.09980900399125954
0.11837756475000513
0.13128015927556816
0.12522238549337414
0.09778082384717005
0.12272458804316337
0.1278159247242322
0.10878899608812648
0.09778082384717005
0.0967919816797859
0.1522105007964974
0.1522105007964974
0.12522238549337414
0.09778082384717005
0.1278159247242322
0.1148658828719
0.15820436295420112
0.10878899608812648
0.1522105007964974
0.11837756475000513
0.1278159247242322
0.0967919816797859
0.1278159247242322
0.11789393675630162
0.13128015927556816
0.12522238549337414
0.09778082384717005
0.1522105007964974
0.09980900399125954
0.11837756475000513
0.09778082384717005
0.11789393675630162
0.09778082384717005
0.09778082384717005
0.10878899608812648
0.11837756475000513
0.10878899608812648
0.12522238549337414
0.09778082384717005
0.09778082384717005
0.11789393675630162
0.21210274696224324
0.21210274696224324
0.09778082384717005
0.0967919816797859
0.0967919816797859
0.09778082384717005
0.0967919816797859
0.09778082384717005
0.1522105007964974
0.10878899608812648
0.11789393675630162
0.07971800098224043
0.0967919816797859
0.07971800098224043
0.0967919816797859
0.09778082384717005
0.0967919816797859
0.21210274696224324
0.11837756475000513
0.0967919816797859
0.11073903832854667
0.11789393675630162
0.09778082384717005
0.11837756475000513
0.0967919816797859
0.12272458804316337
0.10878899608812648
0.09778082384717005
0.11837756475000513
0.0967919816797859
0.11073903832854667
0.0967919816797859
0.21210274696224324
0.21210274696224324
0.11837756475000513
0.0967919816797859
0.09778082384717005
0.09980900399125954
0.11837756475000513
0.0967919816797859
0.09778082384717005
0.09778082384717005
0.09778082384717005
0.1148658828719
0.0967919816797859
0.0967919816797859
0.11837756475000513
0.11837756475000513
0.11789393675630162
0.0967919816797859
0.11837756475000513
0.11073903832854667
0.11837756475000513
0.0967919816797859
0.09778082384717005
0.0967919816797859
0.21210274696224324
0.11837756475000513
0.13187221516125322
0.10878899608812648
0.11789393675630162
0.09980900399125954
0.11837756475000513
0.1522105007964974
0.11837756475000513
0.21210274696224324
0.09778082384717005
0.09734847816731777
0.0967919816797859
0.09778082384717005
0.11837756475000513
0.11789393675630162
0.11837756475000513
0.11837756475000513
0.0967919816797859
0.13187221516125322
0.11837756475000513
0.09980900399125954
0.1148658828719
0.09778082384717005
0.09778082384717005
0.09778082384717005
0.09778082384717005
0.1148658828719
0.1148658828719
0.0967919816797859
0.09778082384717005
0.0967919816797859
0.10878899608812648
0.1278159247242322
0.1148658828719
0.12272458804316337
0.09066833283360536
0.0967919816797859
0.12272458804316337
0.0967919816797859
0.11837756475000513
0.0967919816797859
0.10878899608812648
0.11837756475000513
0.11837756475000513
0.09778082384717005
0.1278159247242322
0.0967919816797859
0.12522238549337414
0.1278159247242322
0.10294875203649478
0.21210274696224324
0.11837756475000513
0.09980900399125954
0.09778082384717005
0.036112270477587714
0.10878899608812648
0.0967919816797859
0.11837756475000513
0.08523618472708322
0.16506339343739487
0.11789393675630162
0.0967919816797859
0.0967919816797859
0.0967919816797859
0.10294875203649478
0.12522238549337414
0.11837756475000513
0.1148658828719
0.0967919816797859
0.11837756475000513
0.0967919816797859
0.1278159247242322
0.05186175288133225
0.10793906991144177
0.09734847816731777
0.12522238549337414
0.12522238549337414
0.11837756475000513
0.21210274696224324
0.09066833283360536
0.11837756475000513
0.11837756475000513
0.11837756475000513
0.12522238549337414
0.11837756475000513
0.1278159247242322
0.036112270477587714
0.0967919816797859
0.1278159247242322
0.11837756475000513
0.1148658828719
0.11837756475000513
0.11837756475000513
0.10878899608812648
0.21210274696224324
0.11837756475000513
0.10878899608812648
0.10878899608812648
0.11837756475000513
0.11837756475000513
0.21210274696224324
0.11837756475000513
0.11837756475000513
0.1278159247242322
0.10878899608812648
0.08523618472708322
0.1278159247242322
0.1408064130829412
0.12522238549337414
0.10878899608812648
0.1522105007964974
0.12522238549337414
0.11837756475000513
0.11789393675630162
0.0967919816797859
0.1278159247242322
0.21210274696224324
0.0967919816797859
0.11837756475000513
0.11837756475000513
0.1278159247242322
0.12522238549337414
0.08549764680201641
0.12522238549337414
0.10294875203649478
0.09778082384717005
0.11789393675630162
0.1278159247242322
0.09127604501382845
0.1148658828719
0.11837756475000513
0.09980900399125954
0.0967919816797859
0.11837756475000513
0.12522238549337414
0.11789393675630162
0.09092460552771434
0.09022529545196166
0.0967919816797859
0.1617573933429721
0.1278159247242322
0.0967919816797859
0.11837756475000513
0.16506339343739487
0.1148658828719
0.09022529545196166
0.1522105007964974
0.11837756475000513
0.11837756475000513
0.11837756475000513
0.09778082384717005
0.09778082384717005
0.0967919816797859
0.11837756475000513
0.1278159247242322
0.0967919816797859
0.09980900399125954
0.09022529545196166
0.11837756475000513
0.11837756475000513
0.09980900399125954
0.11789393675630162
0.1617573933429721
0.06016069944198193
0.09778082384717005
0.1617573933429721
0.09778082384717005
0.11837756475000513
0.12522238549337414
0.10878899608812648
0.0967919816797859
0.1278159247242322
0.1617573933429721
0.10878899608812648
0.1617573933429721
0.1617573933429721
0.09980900399125954
0.11837756475000513
0.0967919816797859
0.0967919816797859
0.1278159247242322
0.11837756475000513
0.12272458804316337
0.12522238549337414
0.12522238549337414
0.0967919816797859
0.0967919816797859
0.10793906991144177
0.11789393675630162
0.10878899608812648
0.1278159247242322
0.11837756475000513
0.09734847816731777
0.11837756475000513
0.0967919816797859
0.11837756475000513
0.1278159247242322
0.1278159247242322
0.11837756475000513
0.09778082384717005
0.1278159247242322
0.09778082384717005
0.1278159247242322
0.10055969264676158
0.1278159247242322
0.09980900399125954
0.12522238549337414
0.11837756475000513
0.12522238549337414
0.12522238549337414
0.21210274696224324
0.1278159247242322
0.09778082384717005
0.09734847816731777
0.11837756475000513
0.11837756475000513
0.09734847816731777
0.21210274696224324
0.1278159247242322
0.0967919816797859
0.12272458804316337
0.1278159247242322
0.1278159247242322
0.1617573933429721
0.1617573933429721
0.10878899608812648
0.1278159247242322
0.1522105007964974
0.10878899608812648
0.12522238549337414
0.0967919816797859
0.11837756475000513
0.1278159247242322
0.1278159247242322
0.1617573933429721
0.11837756475000513
0.11837756475000513
0.11837756475000513
0.1522105007964974
0.0967919816797859
0.10294875203649478
0.09778082384717005
0.09778082384717005
0.0967919816797859
0.10878899608812648
0.11837756475000513
0.1278159247242322
0.1278159247242322
0.09022529545196166
0.09980900399125954
0.10294875203649478
0.11837756475000513
0.1522105007964974
0.09778082384717005
0.0967919816797859
0.11837756475000513
0.09778082384717005
0.13187221516125322
0.10878899608812648
0.1278159247242322
0.11837756475000513
0.09980900399125954
0.12522238549337414
0.1278159247242322
0.1278159247242322
0.1278159247242322
0.0967919816797859
0.11837756475000513
0.11837756475000513
0.0967919816797859
0.11837756475000513
0.11837756475000513
0.1278159247242322
0.1148658828719
0.07702461866159503
0.1617573933429721
0.09778082384717005
0.11837756475000513
0.0967919816797859
0.1617573933429721
0.0967919816797859
0.11837756475000513
0.09778082384717005
0.0967919816797859
0.09980900399125954
0.09980900399125954
0.0967919816797859
0.11837756475000513
0.12272458804316337
0.1278159247242322
0.0967919816797859
0.1278159247242322
0.09778082384717005
0.0967919816797859
0.13187221516125322
0.09778082384717005
0.0967919816797859
0.1148658828719
0.1278159247242322
0.1278159247242322
0.1278159247242322
0.1278159247242322
0.09980900399125954
0.09980900399125954
0.0967919816797859
0.1278159247242322
0.1278159247242322
0.0967919816797859
0.1148658828719
0.09778082384717005
0.10294875203649478
0.1278159247242322
0.10189115006865429
0.09778082384717005
0.09980900399125954
0.09778082384717005
0.11031529114143179
0.09022529545196166
0.14411817215763958
0.11837756475000513
0.10878899608812648
0.1278159247242322
0.11837756475000513
0.1617573933429721
0.05754165841314644
0.10793906991144177
0.1278159247242322
0.1522105007964974
0.10189115006865429
0.12522238549337414
0.1617573933429721
0.10878899608812648
0.05754165841314644
0.12272458804316337
0.09980900399125954
0.11837756475000513
0.21210274696224324
0.1278159247242322
0.11031529114143179
0.14411817215763958
0.1278159247242322
0.1278159247242322
0.12272458804316337
0.1278159247242322
0.09980900399125954
0.09980900399125954
0.11837756475000513
0.14411817215763958
0.1278159247242322
0.11837756475000513
0.14411817215763958
0.09778082384717005
0.0967919816797859
0.14411817215763958
0.1148658828719
0.09778082384717005
0.21210274696224324
0.10294875203649478
0.1278159247242322
0.09980900399125954
0.0967919816797859
0.1278159247242322
0.10294875203649478
0.11837756475000513
0.09778082384717005
0.0967919816797859
0.11837756475000513
0.09980900399125954
0.12272458804316337
0.11837756475000513
0.09778082384717005
0.09778082384717005
0.0967919816797859
0.09980900399125954
0.1148658828719
0.1278159247242322
0.1278159247242322
0.10793906991144177
0.11837756475000513
0.10189115006865429
0.1617573933429721
0.1278159247242322
0.11837756475000513
0.10294875203649478
0.11837756475000513
0.09778082384717005
0.0967919816797859
0.11837756475000513
0.09778082384717005
0.0967919816797859
0.10189115006865429
0.11031529114143179
0.1617573933429721
0.0967919816797859
0.09980900399125954
0.14411817215763958
0.1278159247242322
0.11031529114143179
0.0967919816797859
0.1278159247242322
0.1617573933429721
0.1617573933429721
0.1278159247242322
0.09778082384717005
0.1278159247242322
0.1278159247242322
0.1278159247242322
0.11837756475000513
0.1278159247242322
0.11031529114143179
0.10189115006865429
0.09980900399125954
0.1278159247242322
0.1278159247242322
0.1278159247242322
0.1278159247242322
0.1278159247242322
0.11837756475000513
0.0967919816797859
0.11837756475000513
0.1278159247242322
0.11031529114143179
0.1617573933429721
0.1522105007964974
0.07397324014792418
0.11908132421020047
0.11031529114143179
0.0967919816797859
0.1278159247242322
0.09778082384717005
0.1278159247242322
0.12272458804316337
0.09778082384717005
0.1278159247242322
0.1278159247242322
0.1617573933429721
0.1278159247242322
0.14411817215763958
0.1278159247242322
0.11837756475000513
0.1278159247242322
0.10294875203649478
0.1617573933429721
0.0967919816797859
0.10294875203649478
0.1617573933429721
0.1278159247242322
0.10189115006865429
0.13187221516125322
0.1278159247242322
0.1278159247242322
0.11837756475000513
0.09778082384717005
0.1278159247242322
0.09778082384717005
0.0967919816797859
0.0967919816797859
0.1617573933429721
0.1278159247242322
0.1278159247242322
0.09778082384717005
0.10189115006865429
0.09778082384717005
0.11837756475000513
0.1617573933429721
0.1278159247242322
0.1278159247242322
0.14411817215763958
0.036112270477587714
0.09778082384717005
0.1278159247242322
0.0967919816797859
0.0967919816797859
0.09778082384717005
0.0967919816797859
0.1278159247242322
0.1278159247242322
0.1278159247242322
0.10189115006865429
0.1278159247242322
0.09980900399125954
0.1278159247242322
0.11908132421020047
0.09980900399125954
0.1617573933429721
0.10189115006865429
0.09778082384717005
0.0967919816797859
0.0967919816797859
0.1278159247242322
0.07985948060870642
0.09980900399125954
0.14411817215763958
0.09980900399125954
0.1278159247242322
0.11837756475000513
0.10189115006865429
0.14411817215763958
0.10294875203649478
0.0967919816797859
0.0967919816797859
0.1278159247242322
0.1278159247242322
0.0967919816797859
0.1617573933429721
0.1278159247242322
0.1278159247242322
0.0967919816797859
0.1278159247242322
0.11837756475000513
0.14411817215763958
0.10189115006865429
0.11837756475000513
0.09980900399125954
0.09980900399125954
0.0967919816797859
0.1617573933429721
0.1278159247242322
0.1617573933429721
0.09778082384717005
0.09980900399125954
0.0967919816797859
0.1278159247242322
0.09980900399125954
0.05532384847008033
0.09778082384717005
0.11837756475000513
0.11837756475000513
0.09980900399125954
0.11837756475000513
0.1278159247242322
0.10189115006865429
0.1617573933429721
0.1148658828719
0.11908132421020047
0.09980900399125954
0.11031529114143179
0.11031529114143179
0.09980900399125954
0.1617573933429721
0.0967919816797859
0.1278159247242322
0.1278159247242322
0.11837756475000513
0.1278159247242322
0.11031529114143179
0.12272458804316337
0.1278159247242322
0.1278159247242322
0.13187221516125322
0.09980900399125954
0.0967919816797859
0.1278159247242322
0.11031529114143179
0.11031529114143179
0.1278159247242322
0.0967919816797859
0.10189115006865429
0.10294875203649478
0.10666327846532754
0.1278159247242322
0.10189115006865429
0.1278159247242322
0.1278159247242322
0.1278159247242322
0.1278159247242322
0.0967919816797859
0.1278159247242322
0.1617573933429721
0.09980900399125954
0.14411817215763958
0.10666327846532754
0.0967919816797859
0.1278159247242322
0.10666327846532754
0.11031529114143179
0.14411817215763958
0.1278159247242322
0.1617573933429721
0.11837756475000513
0.10294875203649478
0.0967919816797859
0.13187221516125322
0.1617573933429721
0.0967919816797859
0.11837756475000513
0.1278159247242322
0.0967919816797859
0.10793906991144177
0.14411817215763958
0.1278159247242322
0.0967919816797859
0.1278159247242322
0.14411817215763958
0.10793906991144177
0.11837756475000513
0.10294875203649478
0.1617573933429721
0.10666327846532754
0.10793906991144177
0.09980900399125954
0.1617573933429721
0.0967919816797859
0.11908132421020047
0.09778082384717005
0.0967919816797859
0.11908132421020047
0.10666327846532754
0.1278159247242322
0.1278159247242322
0.1617573933429721
0.10294875203649478
0.1278159247242322
0.12272458804316337
0.09980900399125954
0.09980900399125954
0.1278159247242322
0.06989824962195292
0.13187221516125322
0.12441982010260468
0.10666327846532754
0.10189115006865429
0.0967919816797859
0.13187221516125322
0.09980900399125954
0.0967919816797859
0.14411817215763958
0.0967919816797859
0.1278159247242322
0.09980900399125954
0.09980900399125954
0.1278159247242322
0.14411817215763958
0.09980900399125954
0.10189115006865429
0.11031529114143179
0.11031529114143179
0.09980900399125954
0.1278159247242322
0.10793906991144177
0.09980900399125954
0.09980900399125954
0.1113282828261073
0.10666327846532754
0.1113282828261073
0.14411817215763958
0.11837756475000513
0.07985948060870642
0.08302502028761095
0.1113282828261073
0.06038807731121648
0.1278159247242322
0.09778082384717005
0.11908132421020047
0.10793906991144177
0.1278159247242322
0.13187221516125322
0.10294875203649478
0.10294875203649478
0.09980900399125954
0.11031529114143179
0.10294875203649478
0.13187221516125322
0.10884349846022724
0.11031529114143179
0.1278159247242322
0.09980900399125954
0.11837756475000513
0.11908132421020047
0.10294875203649478
0.1617573933429721
0.10294875203649478
0.14411817215763958
0.11031529114143179
0.10666327846532754
0.09980900399125954
0.1278159247242322
0.09980900399125954
0.11031529114143179
0.10294875203649478
0.10189115006865429
0.13187221516125322
0.10666327846532754
0.1278159247242322
0.1113282828261073
0.1278159247242322
0.0967919816797859
0.09980900399125954
0.0967919816797859
0.10294875203649478
0.09980900399125954
0.12272458804316337
0.14411817215763958
0.14411817215763958
0.09980900399125954
0.14411817215763958
0.1617573933429721
0.1278159247242322
0.07985948060870642
0.07322716076209132
0.055398521427863286
0.10884349846022724
0.10884349846022724
0.1617573933429721
0.1278159247242322
0.10294875203649478
0.10666327846532754
0.1617573933429721
0.11837756475000513
0.1278159247242322
0.1278159247242322
0.04869143516994828
0.10189115006865429
0.11031529114143179
0.10294875203649478
0.1278159247242322
0.11908132421020047
0.09980900399125954
0.1278159247242322
0.09980900399125954
0.10189115006865429
0.06545264887539466
0.11031529114143179
0.1113282828261073
0.11908132421020047
0.11988275683624659
0.14411817215763958
0.10793906991144177
0.11031529114143179
0.1278159247242322
0.09778082384717005
0.06227384384960451
0.11988275683624659
0.10294875203649478
0.11031529114143179
0.1278159247242322
0.11988275683624659
0.1278159247242322
0.1617573933429721
0.11031529114143179
0.11031529114143179
0.1278159247242322
0.1278159247242322
0.1278159247242322
0.13187221516125322
0.0967919816797859
0.10884349846022724
0.1278159247242322
0.10666327846532754
0.11988275683624659
0.10189115006865429
0.11031529114143179
0.11837756475000513
0.10793906991144177
0.11988275683624659
0.11031529114143179
0.10294875203649478
0.10666327846532754
0.13187221516125322
0.05532384847008033
0.11031529114143179
0.11031529114143179
0.10294875203649478
0.1278159247242322
0.11031529114143179
0.10884349846022724
0.10294875203649478
0.10294875203649478
0.13187221516125322
0.1278159247242322
0.1617573933429721
0.14411817215763958
0.10294875203649478
0.1113282828261073
0.10793906991144177
0.1113282828261073
0.11031529114143179
0.10189115006865429
0.09980900399125954
0.10294875203649478
0.10189115006865429
0.1278159247242322
0.11908132421020047
0.1278159247242322
0.055398521427863286
0.12441982010260468
0.11031529114143179
0.11988275683624659
0.09980900399125954
0.1191022142690005
0.10189115006865429
0.1617573933429721
0.09980900399125954
0.11031529114143179
0.11031529114143179
0.1617573933429721
0.10294875203649478
0.1278159247242322
0.10666327846532754
0.10189115006865429
0.1278159247242322
0.1278159247242322
0.10294875203649478
0.11908132421020047
0.11031529114143179
0.10189115006865429
0.09980900399125954
0.10294875203649478
0.12272458804316337
0.12441982010260468
0.1617573933429721
0.14411817215763958
0.11031529114143179
0.11031529114143179
0.09980900399125954
0.11031529114143179
0.11988275683624659
0.07322716076209132
0.11031529114143179
0.13187221516125322
0.12441982010260468
0.14411817215763958
0.10294875203649478
0.11031529114143179
0.10793906991144177
0.10294875203649478
0.11031529114143179
0.11988275683624659
0.14411817215763958
0.11031529114143179
0.07322716076209132
0.10294875203649478
0.08107852118223477
0.11031529114143179
0.11031529114143179
0.11031529114143179
0.1617573933429721
0.09980900399125954
0.161227314641712
0.11988275683624659
0.08668061258921635
0.10189115006865429
0.0967919816797859
0.13187221516125322
0.11988275683624659
0.13187221516125322
0.11031529114143179
0.13187221516125322
0.11908132421020047
0.11031529114143179
0.11031529114143179
0.10666327846532754
0.09980900399125954
0.10793906991144177
0.10294875203649478
0.12441982010260468
0.12441982010260468
0.10793906991144177
0.1617573933429721
0.11988275683624659
0.1113282828261073
0.09980900399125954
0.10294875203649478
0.10189115006865429
0.10666327846532754
0.10793906991144177
0.11031529114143179
0.14411817215763958
0.09980900399125954
0.10189115006865429
0.1278159247242322
0.10294875203649478
0.08668061258921635
0.09980900399125954
0.13187221516125322
0.10884349846022724
0.10294875203649478
0.1113282828261073
0.11031529114143179
0.09980900399125954
0.12441982010260468
0.11988275683624659
0.14411817215763958
0.09980900399125954
0.11988275683624659
0.14411817215763958
0.11988275683624659
0.14411817215763958
0.11031529114143179
0.14411817215763958
0.11031529114143179
0.13187221516125322
0.10294875203649478
0.11031529114143179
0.14411817215763958
0.161227314641712
0.10666327846532754
0.08248158652333792
0.11031529114143179
0.1113282828261073
0.11031529114143179
0.13187221516125322
0.13187221516125322
0.13187221516125322
0.14411817215763958
0.14411817215763958
0.11031529114143179
0.11031529114143179
0.10666327846532754
0.10666327846532754
0.11031529114143179
0.11031529114143179
0.10666327846532754
0.13187221516125322
0.13187221516125322
0.10189115006865429
0.13187221516125322
0.11031529114143179
0.11031529114143179
0.11988275683624659
0.10666327846532754
0.11031529114143179
0.09980900399125954
0.09980900399125954
0.11031529114143179
0.10189115006865429
0.14411817215763958
0.11031529114143179
0.11031529114143179
0.11988275683624659
0.07985948060870642
0.10793906991144177
0.11031529114143179
0.11988275683624659
0.11988275683624659
0.10189115006865429
0.13187221516125322
0.1113282828261073
0.10666327846532754
0.11031529114143179
0.11031529114143179
0.161227314641712
0.11031529114143179
0.13187221516125322
0.11988275683624659
0.10666327846532754
0.09980900399125954
0.13187221516125322
0.11988275683624659
0.11988275683624659
0.11031529114143179
0.11031529114143179
0.14411817215763958
0.10884349846022724
0.11031529114143179
0.10666327846532754
0.13187221516125322
0.09180507083659363
0.09980900399125954
0.11988275683624659
0.10294875203649478
0.11031529114143179
0.10294875203649478
0.11031529114143179
0.05532384847008033
0.11031529114143179
0.10666327846532754
0.14411817215763958
0.11031529114143179
0.0966439905199909
0.10793906991144177
0.10666327846532754
0.11031529114143179
0.11988275683624659
0.10666327846532754
0.13187221516125322
0.14411817215763958
0.08668061258921635
0.12981921231996135
0.10884349846022724
0.12981921231996135
0.07322716076209132
0.10884349846022724
0.10884349846022724
0.14411817215763958
0.11988275683624659
0.08668061258921635
0.11031529114143179
0.11988275683624659
0.10666327846532754
0.14411817215763958
0.161227314641712
0.14411817215763958
0.10884349846022724
0.161227314641712
0.12441982010260468
0.11031529114143179
0.09655643643347155
0.11988275683624659
0.0966439905199909
0.11988275683624659
0.161227314641712
0.10189115006865429
0.11988275683624659
0.11988275683624659
0.10294875203649478
0.10666327846532754
0.14411817215763958
0.11988275683624659
0.11988275683624659
0.12441982010260468
0.10884349846022724
0.11988275683624659
0.11031529114143179
0.10666327846532754
0.11031529114143179
0.09276877881618559
0.161227314641712
0.10189115006865429
0.161227314641712
0.11031529114143179
0.10884349846022724
0.12441982010260468
0.1278159247242322
0.08668061258921635
0.0966439905199909
0.10666327846532754
0.11031529114143179
0.11031529114143179
0.11031529114143179
0.11031529114143179
0.11031529114143179
0.14411817215763958
0.1113282828261073
0.10666327846532754
0.10189115006865429
0.10666327846532754
0.10793906991144177
0.11031529114143179
0.12441982010260468
0.10666327846532754
0.11031529114143179
0.10666327846532754
0.11198989839914773
0.1113282828261073
0.11031529114143179
0.11988275683624659
0.10666327846532754
0.14411817215763958
0.14411817215763958
0.10189115006865429
0.10666327846532754
0.11988275683624659
0.10189115006865429
0.12441982010260468
0.09992354876528829
0.10666327846532754
0.10666327846532754
0.10666327846532754
0.11031529114143179
0.13187221516125322
0.11031529114143179
0.13187221516125322
0.10189115006865429
0.10666327846532754
0.11988275683624659
0.11988275683624659
0.11031529114143179
0.12195645121700466
0.1113282828261073
0.08370266285285718
0.11031529114143179
0.10294875203649478
0.11988275683624659
0.13187221516125322
0.13187221516125322
0.11031529114143179
0.0966439905199909
0.11031529114143179
0.08957650263522914
0.12195645121700466
0.11031529114143179
0.13187221516125322
0.12441982010260468
0.11031529114143179
0.10666327846532754
0.11988275683624659
0.12441982010260468
0.161227314641712
0.10666327846532754
0.10474631261838098
0.11031529114143179
0.12195645121700466
0.1113282828261073
0.11988275683624659
0.14411817215763958
0.11988275683624659
0.13187221516125322
0.10666327846532754
0.1113282828261073
0.10474631261838098
0.11908132421020047
0.11988275683624659
0.1113282828261073
0.11988275683624659
0.12441982010260468
0.161227314641712
0.10666327846532754
0.10189115006865429
0.10474631261838098
0.10793906991144177
0.1113282828261073
0.1113282828261073
0.11988275683624659
0.10189115006865429
0.13187221516125322
0.11031529114143179
0.10474631261838098
0.11031529114143179
0.11031529114143179
0.13187221516125322
0.12195645121700466
0.11198989839914773
0.11031529114143179
0.14411817215763958
0.10189115006865429
0.11908132421020047
0.10474631261838098
0.11031529114143179
0.13187221516125322
0.11031529114143179
0.1365274626992453
0.11031529114143179
0.1113282828261073
0.10474631261838098
0.060063137648781115
0.13187221516125322
0.12195645121700466
0.11031529114143179
0.11031529114143179
0.11988275683624659
0.10666327846532754
0.11908132421020047
0.07300199885647006
0.10884349846022724
0.10666327846532754
0.1113282828261073
0.1113282828261073
0.10474631261838098
0.09992354876528829
0.10884349846022724
0.10884349846022724
0.1278159247242322
0.11031529114143179
0.12195645121700466
0.11988275683624659
0.11988275683624659
0.161227314641712
0.09655643643347155
0.10666327846532754
0.11031529114143179
0.08370266285285718
0.11988275683624659
0.11031529114143179
0.10666327846532754
0.161227314641712
0.12195645121700466
0.12441982010260468
0.161227314641712
0.161227314641712
0.11908132421020047
0.161227314641712
0.161227314641712
0.11988275683624659
0.11031529114143179
0.10884349846022724
0.09655643643347155
0.11988275683624659
0.12441982010260468
0.11031529114143179
0.10474631261838098
0.161227314641712
0.12441982010260468
0.09992354876528829
0.12195645121700466
0.10666327846532754
0.11031529114143179
0.12195645121700466
0.161227314641712
0.11031529114143179
0.11031529114143179
0.11031529114143179
0.0683103321908199
0.11031529114143179
0.09992354876528829
0.1113282828261073
0.161227314641712
0.10884349846022724
0.10474631261838098
0.161227314641712
0.11031529114143179
0.11031529114143179
0.11988275683624659
0.13822103832176974
0.11031529114143179
0.161227314641712
0.060063137648781115
0.11031529114143179
0.11988275683624659
0.13187221516125322
0.1113282828261073
0.10666327846532754
0.13822103832176974
0.12195645121700466
0.13187221516125322
0.07322716076209132
0.11988275683624659
0.08370266285285718
0.10666327846532754
0.12195645121700466
0.11031529114143179
0.07300199885647006
0.11031529114143179
0.11988275683624659
0.11031529114143179
0.09655643643347155
0.11031529114143179
0.161227314641712
0.12195645121700466
0.13187221516125322
0.161227314641712
0.13822103832176974
0.1113282828261073
0.11988275683624659
0.11533738617881016
0.1113282828261073
0.060063137648781115
0.11031529114143179
0.09655643643347155
0.11988275683624659
0.11031529114143179
0.161227314641712
0.09992354876528829
0.08370266285285718
0.11988275683624659
0.11988275683624659
0.11908132421020047
0.161227314641712
0.10666327846532754
0.11031529114143179
0.11908132421020047
0.14411817215763958
0.10474631261838098
0.11988275683624659
0.09992354876528829
0.11908132421020047
0.11031529114143179
0.11031529114143179
0.12195645121700466
0.161227314641712
0.11031529114143179
0.10666327846532754
0.11988275683624659
0.11988275683624659
0.161227314641712
0.11031529114143179
0.09992354876528829
0.11988275683624659
0.11031529114143179
0.11908132421020047
0.11988275683624659
0.11031529114143179
0.10884349846022724
0.161227314641712
0.12195645121700466
0.10474631261838098
0.09180507083659363
0.161227314641712
0.11988275683624659
0.11031529114143179
0.10474631261838098
0.11031529114143179
0.10474631261838098
