Affinity0
0.11298235489474605
0.16621688870980947
0.041914853297072154
0.0855372833803552
0.06323010336229054
0.16492402559898875
0.09284606505352898
0.06884212845938902
0.09039692444281242
0.07528047963577582
0.05650283135984534
0.1341787783904826
0.14819252728257173
0.08018969031184991
0.1341787783904826
0.14445231574461545
0.14445231574461545
0.14519542505407887
0.11017370748087213
0.1341787783904826
0.09442546127273654
0.13063330121071773
0.11475810027505041
0.14445231574461545
0.11017370748087213
0.10710404377288382
0.11017370748087213
0.11017370748087213
0.1221752442145351
0.1341787783904826
0.14519542505407887
0.1341787783904826
0.09489058245588679
0.14519542505407887
0.11445423719412923
0.14519521258477866
0.10520373887121419
0.14445231574461545
0.14445231574461545
0.14445231574461545
0.14519542505407887
0.12361569177105558
0.1221752442145351
0.1221752442145351
0.07387629774391269
0.14519521258477866
0.06261376387484155
0.11524153358477289
0.14445231574461545
0.1341787783904826
0.10520373887121419
0.10520373887121419
0.14519521258477866
0.14519542505407887
0.14445231574461545
0.11017370748087213
0.1221752442145351
0.11017370748087213
0.11017370748087213
0.14519521258477866
0.1341787783904826
0.135551095471206
0.1221752442145351
0.09489058245588679
0.135551095471206
0.08418568086943
0.09441033983942088
0.10481011510523279
0.1646058458413293
0.11017370748087213
0.1341787783904826
0.10481011510523279
0.10481011510523279
0.14445231574461545
0.1221752442145351
0.1341787783904826
0.15792299060669907
0.1221752442145351
0.1221752442145351
0.12067545711027874
0.10481011510523279
0.14445231574461545
0.11017370748087213
0.07687189014370267
0.14519521258477866
0.14445231574461545
0.1221752442145351
0.1341787783904826
0.1221752442145351
0.10481011510523279
0.11017370748087213
0.14445231574461545
0.14519521258477866
0.12067545711027874
0.06031147624653456
0.14519521258477866
0.10481011510523279
0.15792299060669907
0.10760851647272907
0.10481011510523279
0.1341787783904826
0.1221752442145351
0.14519521258477866
0.12067545711027874
0.14445231574461545
0.11017370748087213
0.10760851647272907
0.12067545711027874
0.10481011510523279
0.1646058458413293
0.12067545711027874
0.14445231574461545
0.06261376387484155
0.14445231574461545
0.1341787783904826
0.10618576363167626
0.10481011510523279
0.14445231574461545
0.14519521258477866
0.14445231574461545
0.10481011510523279
0.1341787783904826
0.14445231574461545
0.1221752442145351
0.14445231574461545
0.1341787783904826
0.09447265036415922
0.1646058458413293
0.08148153448818425
0.09556966231447227
0.1646058458413293
0.14445231574461545
0.1341787783904826
0.1646058458413293
0.1341787783904826
0.11017370748087213
0.10618576363167626
0.12067545711027874
0.1341787783904826
0.1221752442145351
0.11017370748087213
0.0656472115325933
0.10481011510523279
0.1646058458413293
0.06714218755743134
0.1646058458413293
0.14445231574461545
0.10520373887121419
0.14445231574461545
0.1221752442145351
0.10618576363167626
0.14445231574461545
0.1341787783904826
0.10520373887121419
0.12067545711027874
0.12067545711027874
0.10520373887121419
0.08995020473787729
0.14445231574461545
0.10481011510523279
0.11827701352908349
0.1341787783904826
0.14519521258477866
0.1341787783904826
0.12067545711027874
0.10481011510523279
0.14519521258477866
0.09545072511968236
0.10618576363167626
0.10481011510523279
0.08190910798770756
0.14519521258477866
0.1646058458413293
0.1646058458413293
0.10520373887121419
0.14519521258477866
0.1341787783904826
0.10618576363167626
0.11537937215753098
0.11017370748087213
0.1221752442145351
0.15792299060669907
0.1122409179559711
0.1341787783904826
0.14519521258477866
0.10520373887121419
0.14445231574461545
0.07856426166186294
0.10520373887121419
0.10481011510523279
0.06099232663232053
0.10520373887121419
0.1221752442145351
0.10618576363167626
0.1233837522145978
0.15792299060669907
0.15792299060669907
0.1646058458413293
0.15792299060669907
0.1221752442145351
0.10618576363167626
0.1221752442145351
0.14519521258477866
0.10520373887121419
0.1341787783904826
0.10481011510523279
0.1341787783904826
0.1221752442145351
0.10618576363167626
0.1646058458413293
0.10481011510523279
0.14519521258477866
0.14445231574461545
0.1341787783904826
0.10520373887121419
0.10618576363167626
0.10618576363167626
0.11017370748087213
0.14519521258477866
0.07494145210562846
0.14519521258477866
0.1221752442145351
0.10618576363167626
0.1221752442145351
0.15792299060669907
0.11017370748087213
0.1221752442145351
0.14445231574461545
0.0711103446167035
0.1221752442145351
0.10481011510523279
0.10299144550598639
0.10299144550598639
0.1341787783904826
0.10481011510523279
0.12067545711027874
0.11827701352908349
0.11017370748087213
0.07494145210562846
0.1221752442145351
0.11827701352908349
0.10520373887121419
0.11017370748087213
0.1122409179559711
0.10618576363167626
0.11017370748087213
0.15792299060669907
0.15792299060669907
0.14519521258477866
0.10618576363167626
0.10618576363167626
0.09862630240662157
0.1221752442145351
0.15792299060669907
0.09527231081154254
0.06765876053089157
0.15792299060669907
0.11017370748087213
0.1122409179559711
0.12067545711027874
0.08613555262155159
0.10618576363167626
0.10618576363167626
0.12620445523875307
0.07606859623543354
0.1122409179559711
0.1221752442145351
0.1221752442145351
0.11017370748087213
0.1221752442145351
0.12067545711027874
0.10520373887121419
0.20611590287703557
0.10618576363167626
0.10618576363167626
0.11017370748087213
0.12067545711027874
0.11827701352908349
0.10520373887121419
0.11537937215753098
0.11827701352908349
0.1221752442145351
0.08048618881128061
0.10618576363167626
0.10618576363167626
0.20611590287703557
0.10618576363167626
0.09646369951467235
0.12067545711027874
0.11017370748087213
0.11537937215753098
0.12620445523875307
0.20611590287703557
0.10618576363167626
0.11537937215753098
0.10618576363167626
0.20611590287703557
0.15792299060669907
0.11537937215753098
0.12620445523875307
0.10618576363167626
0.10618576363167626
0.11537937215753098
0.10618576363167626
0.12620445523875307
0.1122409179559711
0.11537937215753098
0.10618576363167626
0.1122409179559711
0.10618576363167626
0.1122409179559711
0.12620445523875307
0.10618576363167626
0.1122409179559711
0.0841994627459211
0.11017370748087213
0.14127714235525876
0.14127714235525876
0.12620445523875307
0.20611590287703557
0.11537937215753098
0.10618576363167626
0.20611590287703557
0.09283453579060989
0.1221752442145351
0.14127714235525876
0.15792299060669907
0.14354760281441423
0.07143811595812631
0.20611590287703557
0.11537937215753098
0.12620445523875307
0.1341787783904826
0.10618576363167626
0.20611590287703557
0.14354760281441423
0.14519521258477866
0.20611590287703557
0.11537937215753098
0.11017370748087213
0.10618576363167626
0.1122409179559711
0.14354760281441423
0.10618576363167626
0.11827701352908349
0.1122409179559711
0.08148153448818425
0.10618576363167626
0.10618576363167626
0.11017370748087213
0.09527231081154254
0.1122409179559711
0.15792299060669907
0.12620445523875307
0.1122409179559711
0.11827701352908349
0.11017370748087213
0.1122409179559711
0.11827701352908349
0.12620445523875307
0.11827701352908349
0.15792299060669907
0.15792299060669907
0.20611590287703557
0.11827701352908349
0.15792299060669907
0.11827701352908349
0.11537937215753098
0.11017370748087213
0.12620445523875307
0.11017370748087213
0.11827701352908349
0.11017370748087213
0.10618576363167626
0.14354760281441423
0.15792299060669907
0.11537937215753098
0.1221752442145351
0.10520373887121419
0.11537937215753098
0.12620445523875307
0.11537937215753098
0.11827701352908349
0.15792299060669907
0.14127714235525876
0.12620445523875307
0.1221752442145351
0.08048618881128061
0.11537937215753098
0.11537937215753098
0.1122409179559711
0.15792299060669907
0.11827701352908349
0.1122409179559711
0.14127714235525876
0.12620445523875307
0.12620445523875307
0.11537937215753098
0.12620445523875307
0.11537937215753098
0.10618576363167626
0.14127714235525876
0.10618576363167626
0.11017370748087213
0.12620445523875307
0.11827701352908349
0.1122409179559711
0.1122409179559711
0.1122409179559711
0.15792299060669907
0.14354760281441423
0.10618576363167626
0.15792299060669907
0.12620445523875307
0.11537937215753098
0.11017370748087213
0.11017370748087213
0.11017370748087213
0.11827701352908349
0.055340021297809204
0.11017370748087213
0.12620445523875307
0.11017370748087213
0.15792299060669907
0.12620445523875307
0.20611590287703557
0.11537937215753098
0.10618576363167626
0.1122409179559711
0.13671705406643747
0.1122409179559711
0.11827701352908349
0.11017370748087213
0.15792299060669907
0.10618576363167626
0.14470687489145448
0.07580838956444398
0.11827701352908349
0.12620445523875307
0.12620445523875307
0.16436316866216788
0.11537937215753098
0.14127714235525876
0.11537937215753098
0.11537937215753098
0.1362757436162283
0.1122409179559711
0.12620445523875307
0.16704710997040897
0.1362757436162283
0.11537937215753098
0.11537937215753098
0.1122409179559711
0.11537937215753098
0.0775450681872607
0.11827701352908349
0.11670005321022638
0.14127714235525876
0.1362757436162283
0.1122409179559711
0.11537937215753098
0.13671705406643747
0.12620445523875307
0.1122409179559711
0.11537937215753098
0.10618576363167626
0.1221752442145351
0.11537937215753098
0.11537937215753098
0.07608175188746345
0.11537937215753098
0.03460464354901139
0.15792299060669907
0.16704710997040897
0.11537937215753098
0.11537937215753098
0.1362757436162283
0.1362757436162283
0.14127714235525876
0.11827701352908349
0.12620445523875307
0.10618576363167626
0.22536088215320224
0.13671705406643747
0.22536088215320224
0.1221752442145351
0.12620445523875307
0.11537937215753098
0.12620445523875307
0.12620445523875307
0.12620445523875307
0.15792299060669907
0.11537937215753098
0.1122409179559711
0.1221752442145351
0.1362757436162283
0.12620445523875307
0.11537937215753098
0.1122409179559711
0.11537937215753098
0.1362757436162283
0.11827701352908349
0.11537937215753098
0.15792299060669907
0.12620445523875307
0.10618576363167626
0.15792299060669907
0.12620445523875307
0.11827701352908349
0.11537937215753098
0.1122409179559711
0.05199080040216196
0.12620445523875307
0.11537937215753098
0.11537937215753098
0.11827701352908349
0.11537937215753098
0.14354760281441423
0.12793322309924565
0.1122409179559711
0.1362757436162283
0.11537937215753098
0.11537937215753098
0.12620445523875307
0.11537937215753098
0.12620445523875307
0.12620445523875307
0.12620445523875307
0.11537937215753098
0.1142797824858785
0.11827701352908349
0.1626847379404724
0.12620445523875307
0.11827701352908349
0.1246203214770787
0.15792299060669907
0.1626847379404724
0.12620445523875307
0.11537937215753098
0.08386861190905848
0.05611443078986961
0.11537937215753098
0.11537937215753098
0.1122409179559711
0.1122409179559711
0.13671705406643747
0.1221752442145351
0.1626847379404724
0.11537937215753098
0.1362757436162283
0.1122409179559711
0.1221752442145351
0.05611443078986961
0.1142231656346426
0.11537937215753098
0.1122409179559711
0.12620445523875307
0.13671705406643747
0.11537937215753098
0.10673512189747018
0.12620445523875307
0.1362757436162283
0.08386861190905848
0.12620445523875307
0.11827701352908349
0.11537937215753098
0.1142797824858785
0.11827701352908349
0.12793322309924565
0.11537937215753098
0.10348944358311264
0.11537937215753098
0.11537937215753098
0.1122409179559711
0.11537937215753098
0.1362757436162283
0.12574243286550815
0.06461605882056158
0.12620445523875307
0.1246203214770787
0.10348944358311264
0.12574243286550815
0.12574243286550815
0.12620445523875307
0.09759498186298048
0.11537937215753098
0.09759498186298048
0.11537937215753098
0.07677690908671987
0.1142797824858785
0.10673512189747018
0.11537937215753098
0.1122409179559711
0.11537937215753098
0.10991600197663742
0.1626847379404724
0.1362757436162283
0.08386861190905848
0.11537937215753098
0.1362757436162283
0.12620445523875307
0.11537937215753098
0.1122409179559711
0.12574243286550815
0.11537937215753098
0.1362757436162283
0.11537937215753098
0.11537937215753098
0.11537937215753098
0.11537937215753098
0.1362757436162283
0.12620445523875307
0.04998937198689195
0.11537937215753098
0.12574243286550815
0.12620445523875307
0.1142797824858785
0.12620445523875307
0.12620445523875307
0.11537937215753098
0.1142797824858785
0.11537937215753098
0.12620445523875307
0.11537937215753098
0.10673512189747018
0.1122409179559711
0.10673512189747018
0.12793322309924565
0.12620445523875307
0.1362757436162283
0.10673512189747018
0.1246203214770787
0.11537937215753098
0.12620445523875307
0.12620445523875307
0.11537937215753098
0.12620445523875307
0.1122409179559711
0.08680595135335581
0.12620445523875307
0.1122409179559711
0.1362757436162283
0.1246203214770787
0.12574243286550815
0.12620445523875307
0.11537937215753098
0.10991600197663742
0.10348944358311264
0.10991600197663742
0.058723393187378105
0.1142231656346426
0.12620445523875307
0.1122409179559711
0.21597712904216904
0.1122409179559711
0.21597712904216904
0.1122409179559711
0.1122409179559711
0.1362757436162283
0.12620445523875307
0.12793322309924565
0.1142797824858785
0.1122409179559711
0.09429001682333586
0.10348944358311264
0.12793322309924565
0.1362757436162283
0.1246203214770787
0.1362757436162283
0.10348944358311264
0.21597712904216904
0.12793322309924565
0.1362757436162283
0.1362757436162283
0.10348944358311264
0.11537937215753098
0.1246203214770787
0.1122409179559711
0.1122409179559711
0.1362757436162283
0.12793322309924565
0.10348944358311264
0.12620445523875307
0.12620445523875307
0.1246203214770787
0.10348944358311264
0.1142231656346426
0.11537937215753098
0.10673512189747018
0.10348944358311264
0.12793322309924565
0.12620445523875307
0.1362757436162283
0.10348944358311264
0.1246203214770787
0.12620445523875307
0.1362757436162283
0.11537937215753098
0.10348944358311264
0.10348944358311264
0.21597712904216904
0.11537937215753098
0.1601059000800498
0.1601059000800498
0.11537937215753098
0.12620445523875307
0.1246203214770787
0.11537937215753098
0.11537937215753098
0.11537937215753098
0.1362757436162283
0.10348944358311264
0.10348944358311264
0.12620445523875307
0.11537937215753098
0.1246203214770787
0.10348944358311264
0.1477021143475244
0.10370411445122255
0.12574243286550815
0.10348944358311264
0.12620445523875307
0.1477021143475244
0.1122409179559711
0.1142797824858785
0.1362757436162283
0.12793322309924565
0.1142231656346426
0.10348944358311264
0.12620445523875307
0.1477021143475244
0.1142231656346426
0.1362757436162283
0.1142797824858785
0.11537937215753098
0.1477021143475244
0.10673512189747018
0.1362757436162283
0.10673512189747018
0.10673512189747018
0.1362757436162283
0.10370411445122255
0.12793322309924565
0.1246203214770787
0.10673512189747018
0.10370411445122255
0.12793322309924565
0.10348944358311264
0.12620445523875307
0.1122409179559711
0.12793322309924565
0.11537937215753098
0.15526763739922367
0.12793322309924565
0.1461124762482856
0.10673512189747018
0.1142797824858785
0.08934550474728672
0.10348944358311264
0.1362757436162283
0.10348944358311264
0.15526763739922367
0.1142797824858785
0.1362757436162283
0.12574243286550815
0.1362757436162283
0.06107623699203697
0.1477021143475244
0.12793322309924565
0.1122409179559711
0.12574243286550815
0.10370411445122255
0.10673512189747018
0.10348944358311264
0.1362757436162283
0.12793322309924565
0.12574243286550815
0.1362757436162283
0.12574243286550815
0.12620445523875307
0.1142797824858785
0.10348944358311264
0.1461124762482856
0.1601059000800498
0.1362757436162283
0.11537937215753098
0.1477021143475244
0.1477021143475244
0.0836157754883665
0.10673512189747018
0.10673512189747018
0.12793322309924565
0.1246203214770787
0.1142231656346426
0.12574243286550815
0.12574243286550815
0.15526763739922367
0.10673512189747018
0.10673512189747018
0.21597712904216904
0.15526763739922367
0.10673512189747018
0.11537937215753098
0.0836157754883665
0.10370411445122255
0.1601059000800498
0.10673512189747018
0.21597712904216904
0.1362757436162283
0.1477021143475244
0.10459934133845583
0.10673512189747018
0.10673512189747018
0.10348944358311264
0.1142231656346426
0.028282875856318702
0.10370411445122255
0.10370411445122255
0.1122409179559711
0.10673512189747018
0.1477021143475244
0.10673512189747018
0.10348944358311264
0.08248878762919891
0.12620445523875307
0.12793322309924565
0.15526763739922367
0.12793322309924565
0.10348944358311264
0.21597712904216904
0.10673512189747018
0.1461124762482856
0.1142797824858785
0.12793322309924565
0.1473621365815438
0.1601059000800498
0.10673512189747018
0.12574243286550815
0.1362757436162283
0.21597712904216904
0.15526763739922367
0.15526763739922367
0.21597712904216904
0.10370411445122255
0.10370411445122255
0.12620445523875307
0.028282875856318702
0.10673512189747018
0.10370411445122255
0.10673512189747018
0.1122409179559711
0.1461124762482856
0.1461124762482856
0.1461124762482856
0.1362757436162283
0.1142797824858785
0.1142231656346426
0.1142231656346426
0.1142797824858785
0.1122409179559711
0.10348944358311264
0.12793322309924565
0.1142231656346426
0.1142231656346426
0.1246203214770787
0.10673512189747018
0.21597712904216904
0.1477021143475244
0.10370411445122255
0.1461124762482856
0.1142231656346426
0.12793322309924565
0.1142797824858785
0.1477021143475244
0.12793322309924565
0.12620445523875307
0.1142797824858785
0.1477021143475244
0.1246203214770787
0.1246203214770787
0.1477021143475244
0.1477021143475244
0.12793322309924565
0.1362757436162283
0.1142797824858785
0.21597712904216904
0.12793322309924565
0.1362757436162283
0.12793322309924565
0.1246203214770787
0.10673512189747018
0.12793322309924565
0.1362757436162283
0.1142231656346426
0.11493799229372004
0.1142231656346426
0.12793322309924565
0.21597712904216904
0.05862372768191247
0.10673512189747018
0.09300443753233634
0.1601059000800498
0.10511113119340115
0.1601059000800498
0.10370411445122255
0.05883729670555059
0.21597712904216904
0.08717760046034866
0.06679012805840685
0.1362757436162283
0.15526763739922367
0.1246203214770787
0.12793322309924565
0.10370411445122255
0.1246203214770787
0.05862372768191247
0.10348944358311264
0.1246203214770787
0.1142231656346426
0.1142797824858785
0.1477021143475244
0.1362757436162283
0.1142231656346426
0.10673512189747018
0.1477021143475244
0.1601059000800498
0.15526763739922367
0.12793322309924565
0.1461124762482856
0.1142797824858785
0.12620445523875307
0.1461124762482856
0.10673512189747018
0.1142231656346426
0.1461124762482856
0.1142797824858785
0.1477021143475244
0.10673512189747018
0.1461124762482856
0.12793322309924565
0.1601059000800498
0.10348944358311264
0.1461124762482856
0.1477021143475244
0.09136569346260297
0.15526763739922367
0.1142231656346426
0.1477021143475244
0.1142231656346426
0.10673512189747018
0.12793322309924565
0.1461124762482856
0.21597712904216904
0.1142231656346426
0.12793322309924565
0.1461124762482856
0.1601059000800498
0.1601059000800498
0.1601059000800498
0.0853073180917571
0.10370411445122255
0.1601059000800498
0.1142231656346426
0.10673512189747018
0.1142797824858785
0.10673512189747018
0.1477021143475244
0.1477021143475244
0.12793322309924565
0.10370411445122255
0.1246203214770787
0.15526763739922367
0.07304994656452947
0.1142231656346426
0.1246203214770787
0.1477021143475244
0.10370411445122255
0.10348944358311264
0.1142231656346426
0.10370411445122255
0.1461124762482856
0.1461124762482856
0.1601059000800498
0.1142231656346426
0.1477021143475244
0.1142231656346426
0.10673512189747018
0.1601059000800498
0.10348944358311264
0.1601059000800498
0.1601059000800498
0.21597712904216904
0.1142231656346426
0.1362757436162283
0.10673512189747018
0.10348944358311264
0.05589926331073751
0.1142231656346426
0.12494874850086025
0.10348944358311264
0.1477021143475244
0.1477021143475244
0.1461124762482856
0.1601059000800498
0.1601059000800498
0.1142797824858785
0.10673512189747018
0.10370411445122255
0.1601059000800498
0.1601059000800498
0.10348944358311264
0.1601059000800498
0.09136569346260297
0.10673512189747018
0.04102416007738427
0.10673512189747018
0.10673512189747018
0.1477021143475244
0.1142797824858785
0.1142797824858785
0.1142231656346426
0.1142231656346426
0.1461124762482856
0.1461124762482856
0.1461124762482856
0.12793322309924565
0.1461124762482856
0.1477021143475244
0.10370411445122255
0.08822424683465803
0.10673512189747018
0.10370411445122255
0.10673512189747018
0.1142797824858785
0.12793322309924565
0.15526763739922367
0.1601059000800498
0.1246203214770787
0.10370411445122255
0.1477021143475244
0.10370411445122255
0.10673512189747018
0.1477021143475244
0.1601059000800498
0.1142797824858785
0.1601059000800498
0.1477021143475244
0.21597712904216904
0.1601059000800498
0.10370411445122255
0.1601059000800498
0.1246203214770787
0.1601059000800498
0.10370411445122255
0.12793322309924565
0.1142797824858785
0.1142231656346426
0.10673512189747018
0.1142797824858785
0.1601059000800498
0.10348944358311264
0.10370411445122255
0.1601059000800498
0.1477021143475244
0.10673512189747018
0.10673512189747018
0.10673512189747018
0.10348944358311264
0.1142231656346426
0.08488464168399651
0.12910796659050067
0.15526763739922367
0.1142797824858785
0.10370411445122255
0.1246203214770787
0.1246203214770787
0.10370411445122255
0.10673512189747018
0.1122498541274508
0.1142231656346426
0.06052242615127549
0.1461124762482856
0.10370411445122255
0.05862372768191247
0.15526763739922367
0.12574243286550815
0.10673512189747018
0.1122498541274508
0.1601059000800498
0.1122498541274508
0.12574243286550815
0.1461124762482856
0.10370411445122255
0.1246203214770787
0.10673512189747018
0.1142231656346426
0.1142231656346426
0.1477021143475244
0.1477021143475244
0.1246203214770787
0.10370411445122255
0.1461124762482856
0.10370411445122255
0.1142231656346426
0.10673512189747018
0.12910796659050067
0.10673512189747018
0.1461124762482856
0.132888679756625
0.12793322309924565
0.1601059000800498
0.1142231656346426
0.132888679756625
0.10370411445122255
0.10673512189747018
0.10370411445122255
0.10370411445122255
0.1477021143475244
0.10673512189747018
0.12910796659050067
0.1122498541274508
0.1142231656346426
0.10370411445122255
0.10348944358311264
0.1142231656346426
0.10673512189747018
0.12910796659050067
0.1142231656346426
0.12793322309924565
0.1601059000800498
0.10348944358311264
0.1246203214770787
0.1601059000800498
0.10673512189747018
0.1601059000800498
0.1477021143475244
0.10415595702867807
0.10348944358311264
0.10370411445122255
0.10673512189747018
0.1477021143475244
0.1477021143475244
0.15526763739922367
0.10370411445122255
0.1477021143475244
0.1461124762482856
0.10348944358311264
0.10673512189747018
0.10673512189747018
0.1601059000800498
0.10370411445122255
0.21546912651221192
0.12793322309924565
0.10370411445122255
0.12574243286550815
0.10370411445122255
0.10370411445122255
0.1477021143475244
0.10370411445122255
0.10348944358311264
0.1246203214770787
0.1477021143475244
0.1477021143475244
0.10370411445122255
0.1142231656346426
0.1601059000800498
0.1142231656346426
0.10673512189747018
0.1142231656346426
0.10415595702867807
0.10673512189747018
0.1122498541274508
0.10370411445122255
0.12574243286550815
0.132888679756625
0.1122498541274508
0.10370411445122255
0.10673512189747018
0.1477021143475244
0.10415595702867807
0.10370411445122255
0.1246203214770787
0.1477021143475244
0.1601059000800498
0.1142231656346426
0.132888679756625
0.1142231656346426
0.1142231656346426
0.10370411445122255
0.1477021143475244
0.1477021143475244
0.10673512189747018
0.1477021143475244
0.1477021143475244
0.10415595702867807
0.10673512189747018
0.1461124762482856
0.12793322309924565
0.1477021143475244
0.132888679756625
0.10370411445122255
0.10370411445122255
0.1477021143475244
0.10673512189747018
0.1477021143475244
0.10370411445122255
0.10370411445122255
0.1477021143475244
0.10370411445122255
0.12793322309924565
0.1477021143475244
0.12910796659050067
0.10673512189747018
0.1477021143475244
0.1601059000800498
0.1142231656346426
0.11692133155421727
0.1142231656346426
0.10370411445122255
0.1477021143475244
0.10370411445122255
0.1246203214770787
0.1461124762482856
0.10673512189747018
0.12793322309924565
0.12793322309924565
0.1601059000800498
0.10370411445122255
0.05340493308282357
0.1477021143475244
0.10370411445122255
0.1142231656346426
0.10673512189747018
0.132888679756625
0.10415595702867807
0.1246203214770787
0.132888679756625
0.10370411445122255
0.1477021143475244
0.10370411445122255
0.12793322309924565
0.10673512189747018
0.1477021143475244
0.132888679756625
0.10370411445122255
0.1142231656346426
0.1477021143475244
0.10370411445122255
0.13341286755972084
0.10370411445122255
0.1477021143475244
0.1246203214770787
0.12213065189442981
0.1477021143475244
0.10673512189747018
0.10370411445122255
0.10370411445122255
0.10370411445122255
0.1601059000800498
0.10370411445122255
0.12910796659050067
0.1477021143475244
0.12059304691642281
0.1601059000800498
0.10370411445122255
0.10370411445122255
0.1142231656346426
0.12059304691642281
0.10673512189747018
0.1477021143475244
0.10370411445122255
0.10415595702867807
0.10370411445122255
0.10348944358311264
0.10348944358311264
0.1477021143475244
0.12059304691642281
0.1477021143475244
0.132888679756625
0.10370411445122255
0.132888679756625
0.1601059000800498
0.06431055700851186
0.10370411445122255
0.1142231656346426
0.13341286755972084
0.1142231656346426
0.132888679756625
0.10370411445122255
0.1477021143475244
0.10370411445122255
0.1601059000800498
0.10370411445122255
0.12059304691642281
0.11524805787474733
0.1477021143475244
0.10370411445122255
0.11524805787474733
0.10370411445122255
0.10348944358311264
0.132888679756625
0.10415595702867807
0.10415595702867807
0.10370411445122255
0.10370411445122255
0.10370411445122255
0.10370411445122255
0.13341286755972084
0.132888679756625
0.10271241567834868
0.10673512189747018
0.1477021143475244
0.1477021143475244
0.10298765155888406
0.0604723654989835
0.132888679756625
0.10271241567834868
0.1601059000800498
0.10370411445122255
0.10370411445122255
0.10415595702867807
0.1477021143475244
0.1477021143475244
0.10370411445122255
0.10673512189747018
0.1477021143475244
0.1461124762482856
0.10370411445122255
0.13341286755972084
0.1477021143475244
0.1477021143475244
0.13341286755972084
0.11524805787474733
0.10673512189747018
0.1477021143475244
0.1477021143475244
0.10370411445122255
0.1601059000800498
0.10199734626679849
0.13341286755972084
0.10370411445122255
0.10370411445122255
0.12059304691642281
0.1477021143475244
0.10370411445122255
0.1477021143475244
0.10370411445122255
0.1601059000800498
0.1601059000800498
0.10415595702867807
0.10370411445122255
0.1601059000800498
0.1601059000800498
0.1246203214770787
0.10370411445122255
0.10370411445122255
0.10271241567834868
0.1601059000800498
0.12059304691642281
0.12910796659050067
0.10415595702867807
0.05340493308282357
0.13341286755972084
0.11524805787474733
0.1601059000800498
0.10370411445122255
0.10370411445122255
0.10370411445122255
0.12059304691642281
0.1477021143475244
0.12059304691642281
0.1477021143475244
0.132888679756625
0.1601059000800498
0.10199734626679849
0.1477021143475244
0.1477021143475244
0.10415595702867807
0.10271241567834868
0.1601059000800498
0.1601059000800498
0.10370411445122255
0.1477021143475244
0.1477021143475244
0.1477021143475244
0.1554619111145745
0.12059304691642281
0.10370411445122255
0.1477021143475244
0.10415595702867807
0.12059304691642281
0.1601059000800498
0.10415595702867807
0.13341286755972084
0.10415595702867807
0.10415595702867807
0.11524805787474733
0.132888679756625
0.12059304691642281
0.12910796659050067
0.132888679756625
0.132888679756625
0.1477021143475244
0.11524805787474733
0.132888679756625
0.13341286755972084
0.12059304691642281
0.10415595702867807
0.10370411445122255
0.08646934005318146
0.11820514713275217
0.12059304691642281
0.1477021143475244
0.12059304691642281
0.132888679756625
0.10415595702867807
0.1477021143475244
0.1477021143475244
0.10370411445122255
0.09973441901496162
0.10271241567834868
0.12910796659050067
0.132888679756625
0.12910796659050067
0.1246203214770787
0.1477021143475244
0.10370411445122255
0.1601059000800498
0.1601059000800498
0.10370411445122255
0.10370411445122255
0.12910796659050067
0.10370411445122255
0.10370411445122255
0.11524805787474733
0.10370411445122255
0.10415595702867807
0.132888679756625
0.1477021143475244
0.03514382238212424
0.1477021143475244
0.12059304691642281
0.13341286755972084
0.1477021143475244
0.10415595702867807
0.11820514713275217
0.11524805787474733
0.13341286755972084
0.1246203214770787
0.12059304691642281
0.11524805787474733
0.11524805787474733
0.11360975594648036
0.1477021143475244
0.12059304691642281
0.10370411445122255
0.10370411445122255
0.1477021143475244
0.1601059000800498
0.1676761077373816
0.12910796659050067
0.1461124762482856
0.10271241567834868
0.1477021143475244
0.14973469353563723
0.06894632158475932
0.11524805787474733
0.11524805787474733
0.10370411445122255
0.11524805787474733
0.1477021143475244
0.1477021143475244
0.1477021143475244
0.1477021143475244
0.13341286755972084
0.07287239031236227
0.1477021143475244
0.1477021143475244
0.12910796659050067
0.10415595702867807
0.10370411445122255
0.11524805787474733
0.10415595702867807
0.10370411445122255
0.14973469353563723
0.11524805787474733
0.12059304691642281
0.12059304691642281
0.10370411445122255
0.10676948809563917
0.10199734626679849
0.1246203214770787
0.13341286755972084
0.12059304691642281
0.11524805787474733
0.13341286755972084
0.12910796659050067
0.1601059000800498
0.10271241567834868
0.132888679756625
0.132888679756625
0.10199734626679849
0.12059304691642281
0.1601059000800498
0.11524805787474733
0.11207056369844484
0.11524805787474733
0.12910796659050067
0.13341286755972084
0.13341286755972084
0.132888679756625
0.13341286755972084
0.10199734626679849
0.14973469353563723
0.132888679756625
0.10271241567834868
0.10271241567834868
0.11524805787474733
0.13341286755972084
0.13341286755972084
0.13341286755972084
0.11820514713275217
0.1461124762482856
0.11820514713275217
0.11360975594648036
0.10271241567834868
0.11524805787474733
0.1461124762482856
0.10415595702867807
0.10271241567834868
0.13341286755972084
0.10199734626679849
0.1477021143475244
0.1458469073523537
0.10415595702867807
0.10199734626679849
0.10415595702867807
0.12059304691642281
0.1477021143475244
0.1601059000800498
0.13341286755972084
0.10415595702867807
0.14973469353563723
0.09068669725087172
0.11524805787474733
0.057258455174111836
0.11207056369844484
0.12910796659050067
0.11524805787474733
0.1554619111145745
0.10415595702867807
0.10271241567834868
0.10199734626679849
0.1477021143475244
0.132888679756625
0.1601059000800498
0.10676948809563917
0.10271241567834868
0.14973469353563723
0.10271241567834868
0.11524805787474733
0.1554619111145745
0.11524805787474733
0.10199734626679849
0.1554619111145745
0.1601059000800498
0.13126300135178098
0.11524805787474733
0.041847688220645475
0.11524805787474733
0.11524805787474733
0.13341286755972084
0.10271241567834868
0.1477021143475244
0.1246203214770787
0.11524805787474733
0.1554619111145745
0.12059304691642281
0.13341286755972084
0.12059304691642281
0.1601059000800498
0.12059304691642281
0.1554619111145745
0.13126300135178098
0.12059304691642281
0.13341286755972084
0.10370411445122255
0.10271241567834868
0.132888679756625
0.1554619111145745
0.10415595702867807
0.10415595702867807
0.11524805787474733
0.1554619111145745
0.12059304691642281
0.11524805787474733
0.1554619111145745
0.11524805787474733
0.11524805787474733
0.11524805787474733
0.13126300135178098
0.11524805787474733
0.12059304691642281
0.13126300135178098
0.1601059000800498
0.11829383452290915
0.10199734626679849
0.11829383452290915
0.11207056369844484
0.13341286755972084
0.12910796659050067
0.10199734626679849
0.11820514713275217
0.11207056369844484
0.13115514064659822
0.11524805787474733
0.11829383452290915
0.11829383452290915
0.10271241567834868
0.13341286755972084
0.13341286755972084
0.10199734626679849
0.10415595702867807
0.10415595702867807
0.1554619111145745
0.10415595702867807
0.14973469353563723
0.10271241567834868
0.11524805787474733
0.13341286755972084
0.12536046844334264
0.11524805787474733
0.11524805787474733
0.11829383452290915
0.057829022857883904
0.13126300135178098
0.10676948809563917
0.10850101853372741
0.11820514713275217
0.14973469353563723
0.08971300476731132
0.10271241567834868
0.13126300135178098
0.11207056369844484
0.11524805787474733
0.10271241567834868
0.051788043041822544
0.10850101853372741
0.10415595702867807
0.10199734626679849
0.10415595702867807
0.11524805787474733
0.13115514064659822
0.1461124762482856
0.13126300135178098
0.10199734626679849
0.10199734626679849
0.132888679756625
0.051788043041822544
0.10497942077479192
0.13115514064659822
0.14973469353563723
0.10199734626679849
0.10271241567834868
0.10497942077479192
0.14973469353563723
0.1111787718409023
0.10415595702867807
0.1111787718409023
0.13341286755972084
0.13126300135178098
0.10415595702867807
0.13341286755972084
0.14973469353563723
0.11207056369844484
0.10199734626679849
0.1554619111145745
0.10199734626679849
0.11829383452290915
0.13126300135178098
0.11207056369844484
0.11207056369844484
0.1554619111145745
0.14973469353563723
0.13115514064659822
0.08251632927948581
0.10415595702867807
0.10199734626679849
0.13126300135178098
0.10676948809563917
0.11829383452290915
0.11524805787474733
0.10850101853372741
0.047490659797609726
0.13115514064659822
0.13341286755972084
0.11829383452290915
0.13115514064659822
0.10676948809563917
0.13341286755972084
0.10199734626679849
0.11524805787474733
0.15589903888649018
0.14973469353563723
0.10676948809563917
0.1111787718409023
0.11524805787474733
0.13126300135178098
0.10497942077479192
0.10271241567834868
0.10415595702867807
0.10415595702867807
0.11207056369844484
0.057787652077351835
0.11524805787474733
0.13126300135178098
0.1266834977244814
0.10497942077479192
0.10199734626679849
0.14973469353563723
0.10271241567834868
0.11829383452290915
0.10415595702867807
0.10497942077479192
0.072601665364309
0.11829383452290915
0.10199734626679849
0.10415595702867807
0.10676948809563917
0.10199734626679849
0.10199734626679849
0.11524805787474733
0.1266834977244814
0.1111787718409023
0.08059787574515126
0.11207056369844484
0.1266834977244814
0.13126300135178098
0.1788904781908328
0.10415595702867807
0.11524805787474733
0.11207056369844484
0.11829383452290915
0.1161023205717418
0.1554619111145745
0.13341286755972084
0.10676948809563917
0.11524805787474733
0.13126300135178098
0.11682945741366105
0.11207056369844484
0.11524805787474733
0.13341286755972084
0.10676948809563917
0.11207056369844484
0.10199734626679849
0.10676948809563917
0.11524805787474733
0.11207056369844484
0.13126300135178098
0.10199734626679849
0.11207056369844484
0.11207056369844484
0.13126300135178098
0.11207056369844484
0.11207056369844484
0.11207056369844484
0.11207056369844484
0.1554619111145745
0.11524805787474733
0.11524805787474733
0.11524805787474733
0.13126300135178098
0.13341286755972084
0.13126300135178098
0.11207056369844484
0.11207056369844484
0.1554619111145745
0.11207056369844484
0.11524805787474733
0.13126300135178098
0.1111787718409023
0.10199734626679849
0.10271241567834868
0.13126300135178098
0.10199734626679849
0.11207056369844484
0.11207056369844484
0.13126300135178098
0.13126300135178098
0.13126300135178098
0.13126300135178098
0.11207056369844484
0.10199734626679849
0.10199734626679849
0.10850101853372741
0.10199734626679849
0.13126300135178098
0.11682945741366105
0.1111787718409023
0.13126300135178098
0.13126300135178098
0.10415595702867807
0.11207056369844484
0.11207056369844484
0.10676948809563917
0.11524805787474733
0.11207056369844484
0.15589903888649018
0.10199734626679849
0.1554619111145745
0.10497942077479192
0.13126300135178098
0.13126300135178098
0.15589903888649018
0.10199734626679849
0.11829383452290915
0.10199734626679849
0.11524805787474733
0.12403329625065122
0.10199734626679849
0.11207056369844484
0.10676948809563917
0.13126300135178098
0.11682945741366105
0.11524805787474733
0.10497942077479192
0.15589903888649018
0.11682945741366105
0.11207056369844484
0.13126300135178098
0.10199734626679849
0.12403329625065122
0.13126300135178098
0.10199734626679849
0.10199734626679849
0.11524805787474733
0.10199734626679849
0.10850101853372741
0.1111787718409023
0.13126300135178098
0.11207056369844484
0.13126300135178098
0.13126300135178098
0.13126300135178098
0.11524805787474733
0.10199734626679849
0.10497942077479192
0.10676948809563917
0.11207056369844484
0.13126300135178098
0.10199734626679849
0.10415595702867807
0.1554619111145745
0.10497942077479192
0.11207056369844484
0.12403329625065122
0.11788990329716334
0.11524805787474733
0.11524805787474733
0.11207056369844484
0.11524805787474733
0.13126300135178098
0.13126300135178098
0.13126300135178098
0.10497942077479192
0.10199734626679849
0.11524805787474733
0.11524805787474733
0.13126300135178098
0.11829383452290915
0.10199734626679849
0.10850101853372741
0.10676948809563917
0.10271241567834868
0.11207056369844484
0.10676948809563917
0.0662242885830987
0.09821810831573285
0.10497942077479192
0.11207056369844484
0.10497942077479192
0.11207056369844484
0.11207056369844484
0.11524805787474733
0.11207056369844484
0.13126300135178098
0.11524805787474733
0.13126300135178098
0.13126300135178098
0.11207056369844484
0.13126300135178098
0.10676948809563917
0.10199734626679849
0.11207056369844484
0.11524805787474733
0.10850101853372741
0.11207056369844484
0.11524805787474733
0.13126300135178098
0.13126300135178098
0.10199734626679849
0.10497942077479192
0.11207056369844484
0.11524805787474733
0.11207056369844484
0.10199734626679849
0.13126300135178098
0.11524805787474733
0.10676948809563917
0.10199734626679849
0.11207056369844484
0.12403329625065122
0.13126300135178098
0.10199734626679849
0.10199734626679849
0.10199734626679849
0.10676948809563917
0.10676948809563917
0.13126300135178098
0.10497942077479192
0.11524805787474733
0.10199734626679849
0.10676948809563917
0.10199734626679849
0.11524805787474733
0.11207056369844484
0.10676948809563917
0.10850101853372741
0.11207056369844484
0.11524805787474733
0.11207056369844484
0.10676948809563917
0.12403329625065122
0.11207056369844484
0.11207056369844484
0.10271241567834868
0.13126300135178098
0.06120899141459752
0.15238469906982438
0.10497942077479192
0.06075181472517804
0.11207056369844484
0.11207056369844484
0.11207056369844484
0.13126300135178098
0.12403329625065122
0.10497942077479192
0.10787787225797885
0.10850101853372741
0.10497942077479192
0.11207056369844484
0.10497942077479192
0.10676948809563917
0.11207056369844484
0.10850101853372741
0.10271241567834868
0.15589903888649018
0.15589903888649018
0.10676948809563917
0.085166889350421
0.11207056369844484
0.10199734626679849
0.10273657997483052
0.15589903888649018
0.11207056369844484
0.11207056369844484
0.11207056369844484
0.10271241567834868
0.11207056369844484
0.11207056369844484
0.15589903888649018
0.11829383452290915
0.10676948809563917
0.1554619111145745
0.15589903888649018
0.1541808962144916
0.10676948809563917
0.1541808962144916
0.11207056369844484
0.11829383452290915
0.08500202798328886
0.10497942077479192
0.10676948809563917
0.12206315436296665
0.10497942077479192
0.12430381452465554
0.10497942077479192
0.11524805787474733
0.11207056369844484
0.10676948809563917
0.11207056369844484
0.10199734626679849
0.11524805787474733
0.10497942077479192
0.11524805787474733
0.11524805787474733
0.10676948809563917
0.10199734626679849
0.11207056369844484
0.13126300135178098
0.11207056369844484
0.10497942077479192
0.10850101853372741
0.10273657997483052
0.10676948809563917
0.11829383452290915
0.10676948809563917
0.10676948809563917
0.10497942077479192
0.10497942077479192
0.10850101853372741
0.10199734626679849
0.10676948809563917
0.10850101853372741
0.10850101853372741
0.10199734626679849
0.0938718923920732
0.10676948809563917
0.12403329625065122
0.12430381452465554
0.10676948809563917
0.10850101853372741
0.13126300135178098
0.10497942077479192
0.1554619111145745
0.13596476598423787
0.13126300135178098
0.10497942077479192
0.10199734626679849
0.10676948809563917
0.1554619111145745
0.10497942077479192
0.10497942077479192
0.10199734626679849
0.10676948809563917
0.11207056369844484
0.10676948809563917
0.10271241567834868
0.13126300135178098
0.10497942077479192
0.11207056369844484
0.10850101853372741
0.06476732106769076
0.10676948809563917
0.11207056369844484
0.10199734626679849
0.15848697128557843
0.11207056369844484
0.11207056369844484
0.11207056369844484
0.12430381452465554
0.13126300135178098
0.10850101853372741
0.10497942077479192
0.14405801166380922
0.11207056369844484
0.11207056369844484
0.10850101853372741
0.07391809398325268
0.11207056369844484
0.07706619103853021
0.11207056369844484
0.11207056369844484
0.13126300135178098
0.10676948809563917
0.13126300135178098
0.10850101853372741
0.10271241567834868
0.11207056369844484
0.10850101853372741
0.10199734626679849
0.0787630203481561
0.12430381452465554
0.11524805787474733
0.13126300135178098
0.10850101853372741
0.12430381452465554
0.1554619111145745
0.1554619111145745
0.12787710614717843
0.10273657997483052
0.10850101853372741
0.07206404955864978
0.11207056369844484
0.1554619111145745
0.12430381452465554
0.12430381452465554
0.12430381452465554
0.12403329625065122
0.11207056369844484
0.11207056369844484
0.10850101853372741
0.11207056369844484
0.057708162438709625
0.12430381452465554
0.13596476598423787
0.057708162438709625
0.12403329625065122
0.10676948809563917
0.13596476598423787
0.11207056369844484
0.12430381452465554
0.12430381452465554
0.10850101853372741
0.1554619111145745
0.12430381452465554
0.10850101853372741
0.10273657997483052
0.10850101853372741
0.10676948809563917
0.1554619111145745
0.09238882053370348
0.1554619111145745
0.10676948809563917
0.10850101853372741
0.10676948809563917
0.13596476598423787
0.11207056369844484
0.10772928121645337
0.10850101853372741
0.10850101853372741
0.10850101853372741
0.10271241567834868
0.11207056369844484
0.10850101853372741
0.10273657997483052
0.12403329625065122
0.10271241567834868
0.11276363722785149
0.12330787993934494
0.12403329625065122
0.10850101853372741
0.10676948809563917
0.12403329625065122
0.10271241567834868
0.10676948809563917
0.10676948809563917
0.12430381452465554
0.12430381452465554
0.10676948809563917
0.12430381452465554
0.10676948809563917
0.10676948809563917
0.12430381452465554
0.10850101853372741
0.10850101853372741
0.12403329625065122
0.12403329625065122
0.12430381452465554
0.13596476598423787
0.10273657997483052
0.10850101853372741
0.12430381452465554
0.12430381452465554
0.12403329625065122
0.10199734626679849
0.10676948809563917
0.11207056369844484
0.10676948809563917
0.04160172832481778
0.11276363722785149
0.10850101853372741
0.10273657997483052
0.13596476598423787
0.10850101853372741
0.10772928121645337
0.10676948809563917
0.10850101853372741
0.14598988548730418
0.10850101853372741
0.10273657997483052
0.10273657997483052
0.13596476598423787
0.12430381452465554
0.10676948809563917
0.12430381452465554
0.10676948809563917
0.12430381452465554
0.10676948809563917
0.10271241567834868
0.13596476598423787
0.10676948809563917
0.12430381452465554
0.12403329625065122
0.10273657997483052
0.10676948809563917
0.12430381452465554
0.09266161493261292
0.14598988548730418
0.13596476598423787
0.19692890491957737
0.10676948809563917
0.10850101853372741
0.10745346435076006
0.12430381452465554
0.10772928121645337
0.10772928121645337
0.10850101853372741
0.10745346435076006
0.12430381452465554
0.11276363722785149
0.12430381452465554
0.10850101853372741
0.12403329625065122
0.042099838044876235
0.12430381452465554
0.10850101853372741
0.07770407458658771
0.12430381452465554
0.10273657997483052
0.13596476598423787
0.10676948809563917
0.10676948809563917
0.19692890491957737
0.10745346435076006
0.07208136181151799
0.11323431446986165
0.08137015647246068
0.11323431446986165
0.10676948809563917
0.10676948809563917
0.10562622326483173
0.13393718761797535
0.10745346435076006
0.0959712864143286
0.13393718761797535
0.19692890491957737
0.10850101853372741
0.12430381452465554
0.10850101853372741
0.12430381452465554
0.10850101853372741
0.13393718761797535
0.13596476598423787
0.10562622326483173
0.10850101853372741
0.12430381452465554
0.10562622326483173
0.12430381452465554
0.10273657997483052
0.10273657997483052
0.12430381452465554
0.10745346435076006
0.12430381452465554
0.11276363722785149
0.19692890491957737
0.10745346435076006
0.12430381452465554
0.10745346435076006
0.13596476598423787
0.10850101853372741
0.10745346435076006
0.10850101853372741
0.10676948809563917
0.13596476598423787
0.10745346435076006
0.10273657997483052
0.12430381452465554
0.10745346435076006
0.12430381452465554
0.059191468449107214
0.10745346435076006
0.10745346435076006
0.10273657997483052
0.11276363722785149
0.12430381452465554
0.10745346435076006
0.10745346435076006
0.10745346435076006
0.11276363722785149
0.13596476598423787
0.12430381452465554
0.13393718761797535
0.10745346435076006
0.11276363722785149
0.12430381452465554
0.11276363722785149
0.07398826170806108
0.10745346435076006
0.19692890491957737
0.10273657997483052
0.10562622326483173
0.10273657997483052
0.13393718761797535
0.10850101853372741
0.06809230499039118
0.13596476598423787
0.19692890491957737
0.06809230499039118
0.11323431446986165
0.13393718761797535
0.10273657997483052
0.12430381452465554
0.08274069393575047
0.06809230499039118
0.10562622326483173
0.19692890491957737
0.11323431446986165
0.15085224720442023
0.10850101853372741
0.13596476598423787
0.12430381452465554
0.10273657997483052
0.10233714748678889
0.12430381452465554
0.10562622326483173
0.12430381452465554
0.10745346435076006
0.13393718761797535
0.10562622326483173
0.10850101853372741
0.13393718761797535
0.11276363722785149
0.10850101853372741
0.0867493320783604
0.10745346435076006
0.11323431446986165
0.13393718761797535
0.10745346435076006
0.13393718761797535
0.13596476598423787
0.10745346435076006
0.07914333807428582
0.11276363722785149
0.10745346435076006
0.13596476598423787
0.10850101853372741
0.12430381452465554
0.12430381452465554
0.12430381452465554
0.11276363722785149
0.12430381452465554
0.10273657997483052
0.10745346435076006
0.12430381452465554
0.10562622326483173
0.087050743181645
0.13596476598423787
0.10850101853372741
0.13393718761797535
0.10745346435076006
0.10850101853372741
0.10745346435076006
0.10562622326483173
0.10562622326483173
0.10745346435076006
0.11276363722785149
0.10273657997483052
0.12430381452465554
0.13596476598423787
0.10745346435076006
0.11276363722785149
0.0995070852828833
0.10745346435076006
0.13596476598423787
0.10745346435076006
0.13596476598423787
0.13596476598423787
0.10850101853372741
0.13596476598423787
0.06352775355166636
0.10273657997483052
0.10745346435076006
0.11614308085778753
0.19692890491957737
0.05830207775014388
0.13596476598423787
0.10745346435076006
0.11276363722785149
0.12430381452465554
0.10745346435076006
0.12430381452465554
0.11276363722785149
0.10745346435076006
0.10745346435076006
0.13393718761797535
0.1570401487268177
0.12430381452465554
0.19692890491957737
0.11169693796166227
0.10273657997483052
0.19692890491957737
0.13596476598423787
0.10745346435076006
0.12430381452465554
0.12430381452465554
0.1380074883387976
0.0995070852828833
0.10273657997483052
0.13596476598423787
0.10745346435076006
0.19692890491957737
0.11323431446986165
0.10273657997483052
0.19692890491957737
0.10745346435076006
0.12430381452465554
0.10745346435076006
0.12430381452465554
0.1380074883387976
0.13596476598423787
0.12430381452465554
0.13393718761797535
0.19692890491957737
0.13596476598423787
0.11323431446986165
0.10745346435076006
0.10745346435076006
0.07526281008307321
0.11323431446986165
0.10745346435076006
0.11169693796166227
0.10548624237043307
0.11323431446986165
0.12866983458226525
0.11276363722785149
0.12430381452465554
0.11169693796166227
0.13596476598423787
0.059891591404373036
0.10745346435076006
0.13596476598423787
0.13596476598423787
0.13596476598423787
0.13393718761797535
0.11276363722785149
0.10273657997483052
0.12866983458226525
0.04534471194024527
0.11169693796166227
0.13393718761797535
0.10745346435076006
0.10745346435076006
0.10745346435076006
0.1570401487268177
0.11169693796166227
0.10273657997483052
0.13596476598423787
0.11169693796166227
0.12430381452465554
0.10823979783087165
0.12430381452465554
0.12430381452465554
0.10745346435076006
0.13596476598423787
0.13596476598423787
0.10745346435076006
0.13393718761797535
0.1380074883387976
0.13596476598423787
