Affinity0
0.128039524877811
0.1364096719673802
0.10074192407955054
0.1364096719673802
0.10180133058732617
0.1364096719673802
0.10180133058732617
0.10180133058732617
0.10074192407955054
0.10180133058732617
0.10180133058732617
0.10180133058732617
0.10074192407955054
0.10180133058732617
0.10074192407955054
0.10180133058732617
0.10074192407955054
0.10180133058732617
0.10074192407955054
0.10180133058732617
0.10074192407955054
0.128039524877811
0.10074192407955054
0.10074192407955054
0.10180133058732617
0.10180133058732617
0.12843640332389955
0.16429985112853218
0.1364096719673802
0.1485015773810608
0.1364096719673802
0.10180133058732617
0.10180133058732617
0.12022666287933911
0.10180133058732617
0.16429985112853218
0.10180133058732617
0.10180133058732617
0.1364096719673802
0.12843640332389955
0.1364096719673802
0.16429985112853218
0.12843640332389955
0.1364096719673802
0.1364096719673802
0.16429985112853218
0.1364096719673802
0.10074192407955054
0.16429985112853218
0.10074192407955054
0.10074192407955054
0.1364096719673802
0.10180133058732617
0.16429985112853218
0.10180133058732617
0.16429985112853218
0.1364096719673802
0.16429985112853218
0.10074192407955054
0.1364096719673802
0.1364096719673802
0.16429985112853218
0.10074192407955054
0.16429985112853218
0.1364096719673802
0.16429985112853218
0.16429985112853218
0.10180133058732617
0.1364096719673802
0.16429985112853218
0.10180133058732617
0.10074192407955054
0.10180133058732617
0.10180133058732617
0.10180133058732617
0.1364096719673802
0.1364096719673802
0.10180133058732617
0.1364096719673802
0.16429985112853218
0.1364096719673802
0.10180133058732617
0.16429985112853218
0.10180133058732617
0.16429985112853218
0.16429985112853218
0.10180133058732617
0.1364096719673802
0.16429985112853218
0.1386030544349669
0.16429985112853218
0.1485015773810608
0.11662585092366358
0.10180133058732617
0.10180133058732617
0.10180133058732617
0.10074192407955054
0.10345820723352478
0.10074192407955054
0.1485015773810608
0.10180133058732617
0.16429985112853218
0.1364096719673802
0.10180133058732617
0.1364096719673802
0.10180133058732617
0.10180133058732617
0.11970636814855816
0.1364096719673802
0.10180133058732617
0.1485015773810608
0.1364096719673802
0.10074192407955054
0.1252995439781544
0.1364096719673802
0.1364096719673802
0.10345820723352478
0.16429985112853218
0.10180133058732617
0.11662585092366358
0.12615679790624096
0.10074192407955054
0.16429985112853218
0.10345820723352478
0.11662585092366358
0.12843640332389955
0.16429985112853218
0.16429985112853218
0.11662585092366358
0.16429985112853218
0.11662585092366358
0.10180133058732617
0.16429985112853218
0.1485015773810608
0.12843640332389955
0.10074192407955054
0.10345820723352478
0.1286704889547283
0.10074192407955054
0.1364096719673802
0.1364096719673802
0.11662585092366358
0.16429985112853218
0.1364096719673802
0.10074192407955054
0.12843640332389955
0.10345820723352478
0.10074192407955054
0.10180133058732617
0.11662585092366358
0.1364096719673802
0.10345820723352478
0.11662585092366358
0.10345820723352478
0.10345820723352478
0.11662585092366358
0.10180133058732617
0.10180133058732617
0.10345820723352478
0.16429985112853218
0.10979346016715068
0.1485015773810608
0.11970636814855816
0.10180133058732617
0.1252995439781544
0.11662585092366358
0.12843640332389955
0.11662585092366358
0.10074192407955054
0.16429985112853218
0.10345820723352478
0.10180133058732617
0.12843640332389955
0.10345820723352478
0.10345820723352478
0.11662585092366358
0.10345820723352478
0.1485015773810608
0.11662585092366358
0.10074192407955054
0.1252995439781544
0.10074192407955054
0.12615679790624096
0.11662585092366358
0.11970636814855816
0.12843640332389955
0.1485015773810608
0.12615679790624096
0.1069625993744309
0.16429985112853218
0.11662585092366358
0.11295097936570389
0.10345820723352478
0.10345820723352478
0.1485015773810608
0.10345820723352478
0.1252995439781544
0.10345820723352478
0.16429985112853218
0.12615679790624096
0.10345820723352478
0.11662585092366358
0.11662585092366358
0.1252995439781544
0.11662585092366358
0.1364096719673802
0.12843640332389955
0.10345820723352478
0.11970636814855816
0.11662585092366358
0.12843640332389955
0.12843640332389955
0.11662585092366358
0.12843640332389955
0.12615679790624096
0.10345820723352478
0.11662585092366358
0.11662585092366358
0.10345820723352478
0.10345820723352478
0.10345820723352478
0.10345820723352478
0.10345820723352478
0.10345820723352478
0.1485015773810608
0.12843640332389955
0.10345820723352478
0.12843640332389955
0.11662585092366358
0.11662585092366358
0.10979346016715068
0.10979346016715068
0.10345820723352478
0.10345820723352478
0.16429985112853218
0.10345820723352478
0.1286704889547283
0.10345820723352478
0.1364096719673802
0.12843640332389955
0.12615679790624096
0.12754164252412875
0.12843640332389955
0.1485015773810608
0.1485015773810608
0.1252995439781544
0.1485015773810608
0.10345820723352478
0.10345820723352478
0.16429985112853218
0.11662585092366358
0.10345820723352478
0.10345820723352478
0.11662585092366358
0.10074192407955054
0.16429985112853218
0.11662585092366358
0.1485015773810608
0.12615679790624096
0.12843640332389955
0.11662585092366358
0.10979346016715068
0.12843640332389955
0.16429985112853218
0.1485015773810608
0.10345820723352478
0.11662585092366358
0.1069625993744309
0.12615679790624096
0.10345820723352478
0.10979346016715068
0.10979346016715068
0.10345820723352478
0.11970636814855816
0.12843640332389955
0.10979346016715068
0.10345820723352478
0.12843640332389955
0.12843640332389955
0.12843640332389955
0.11970636814855816
0.11662585092366358
0.12843640332389955
0.1286704889547283
0.1252995439781544
0.10979346016715068
0.10979346016715068
0.16429985112853218
0.1252995439781544
0.11662585092366358
0.1252995439781544
0.1252995439781544
0.11662585092366358
0.12615679790624096
0.1485015773810608
0.10345820723352478
0.10345820723352478
0.10345820723352478
0.10345820723352478
0.12754164252412875
0.10345820723352478
0.10345820723352478
0.12843640332389955
0.11054730751286697
0.1069625993744309
0.10345820723352478
0.10345820723352478
0.16429985112853218
0.11970636814855816
0.11970636814855816
0.10345820723352478
0.10345820723352478
0.10345820723352478
0.12843640332389955
0.10979346016715068
0.11662585092366358
0.10979346016715068
0.11970636814855816
0.11054730751286697
0.10345820723352478
0.1252995439781544
0.10979346016715068
0.12843640332389955
0.1485015773810608
0.1252995439781544
0.1252995439781544
0.1252995439781544
0.11662585092366358
0.10979346016715068
0.16429985112853218
0.12754164252412875
0.10345820723352478
0.10979346016715068
0.1286704889547283
0.1485015773810608
0.10345820723352478
0.10345820723352478
0.10979346016715068
0.12615679790624096
0.10979346016715068
0.12615679790624096
0.11662585092366358
0.10345820723352478
0.10979346016715068
0.11662585092366358
0.11970636814855816
0.10345820723352478
0.10979346016715068
0.12615679790624096
0.12843640332389955
0.10979346016715068
0.10345820723352478
0.11662585092366358
0.1485015773810608
0.10345820723352478
0.11662585092366358
0.10979346016715068
0.10345820723352478
0.10979346016715068
0.12615679790624096
0.10345820723352478
0.1252995439781544
0.10979346016715068
0.10979346016715068
0.11938075908763267
0.11970636814855816
0.10979346016715068
0.10979346016715068
0.1252995439781544
0.10345820723352478
0.10979346016715068
0.10979346016715068
0.16429985112853218
0.10979346016715068
0.1252995439781544
0.1485015773810608
0.1252995439781544
0.10345820723352478
0.10979346016715068
0.1252995439781544
0.1485015773810608
0.11938075908763267
0.1252995439781544
0.1252995439781544
0.10979346016715068
0.12615679790624096
0.11970636814855816
0.11662585092366358
0.10979346016715068
0.10345820723352478
0.12754164252412875
0.12754164252412875
0.1485015773810608
0.10979346016715068
0.12754164252412875
0.10979346016715068
0.10979346016715068
0.10979346016715068
0.12471472777890476
0.10979346016715068
0.11662585092366358
0.10061142347906545
0.1252995439781544
0.12615679790624096
0.1286704889547283
0.1252995439781544
0.11938075908763267
0.09876498292298826
0.12615679790624096
0.1252995439781544
0.11938075908763267
0.10345820723352478
0.10979346016715068
0.11938075908763267
0.1252995439781544
0.12615679790624096
0.11552285975525203
0.10979346016715068
0.10979346016715068
0.12615679790624096
0.1252995439781544
0.12615679790624096
0.10979346016715068
0.1252995439781544
0.12615679790624096
0.1485015773810608
0.1252995439781544
0.11662585092366358
0.12615679790624096
0.1485015773810608
0.10979346016715068
0.12615679790624096
0.12615679790624096
0.10979346016715068
0.10979346016715068
0.10979346016715068
0.11938075908763267
0.10979346016715068
0.12615679790624096
0.1252995439781544
0.10979346016715068
0.10979346016715068
0.1252995439781544
0.10979346016715068
0.11662585092366358
0.11938075908763267
0.1252995439781544
0.1252995439781544
0.12471472777890476
0.10979346016715068
0.12615679790624096
0.1252995439781544
0.1252995439781544
0.11552285975525203
0.1252995439781544
0.10979346016715068
0.1485015773810608
0.11938075908763267
0.1252995439781544
0.09876498292298826
0.10979346016715068
0.10979346016715068
0.12615679790624096
0.10061142347906545
0.11552285975525203
0.10979346016715068
0.11938075908763267
0.10979346016715068
0.11938075908763267
0.10979346016715068
0.10061142347906545
0.11552285975525203
0.12754164252412875
0.1252995439781544
0.1252995439781544
0.11938075908763267
0.11552285975525203
0.10061142347906545
0.11938075908763267
0.12615679790624096
0.10979346016715068
0.10979346016715068
0.12615679790624096
0.1252995439781544
0.11552285975525203
0.11938075908763267
0.10979346016715068
0.11938075908763267
0.11938075908763267
0.10061142347906545
0.12615679790624096
0.12471472777890476
0.11938075908763267
0.1252995439781544
0.10061142347906545
0.10857182662377858
0.11938075908763267
0.1252995439781544
0.12615679790624096
0.11552285975525203
0.10979346016715068
0.10061142347906545
0.12615679790624096
0.11552285975525203
0.09897134145311152
0.11552285975525203
0.10061142347906545
0.11552285975525203
0.1252995439781544
0.14269680983130184
0.1485015773810608
0.10979346016715068
0.10979346016715068
0.10857182662377858
0.1252995439781544
0.10979346016715068
0.11552285975525203
0.10061142347906545
0.11938075908763267
0.11552285975525203
0.11938075908763267
0.1252995439781544
0.11552285975525203
0.11938075908763267
0.11552285975525203
0.11552285975525203
0.11938075908763267
0.11938075908763267
0.10979346016715068
0.11938075908763267
0.12471472777890476
0.10857182662377858
0.11552285975525203
0.11938075908763267
0.11552285975525203
0.09897134145311152
0.11552285975525203
0.1252995439781544
0.14269680983130184
0.11938075908763267
0.11552285975525203
0.10979346016715068
0.11938075908763267
0.11552285975525203
0.11938075908763267
0.10979346016715068
0.12284169941147861
0.12471472777890476
0.10979346016715068
0.10979346016715068
0.12471472777890476
0.11552285975525203
0.12471472777890476
0.10979346016715068
0.11552285975525203
0.12471472777890476
0.10979346016715068
0.10061142347906545
0.11938075908763267
0.11938075908763267
0.11552285975525203
0.10061142347906545
0.11552285975525203
0.11938075908763267
0.12471472777890476
0.12284169941147861
0.12471472777890476
0.11552285975525203
0.10061142347906545
0.10061142347906545
0.12471472777890476
0.11552285975525203
0.11938075908763267
0.10857182662377858
0.10857182662377858
0.07774387634979638
0.11938075908763267
0.12471472777890476
0.11938075908763267
0.10857182662377858
0.11552285975525203
0.10061142347906545
0.11552285975525203
0.12471472777890476
0.10857182662377858
0.11552285975525203
0.10979346016715068
0.10979346016715068
0.09897134145311152
0.10061142347906545
0.10061142347906545
0.12284169941147861
0.11552285975525203
0.09897134145311152
0.11552285975525203
0.11552285975525203
0.09897134145311152
0.10857182662377858
0.10061142347906545
0.10061142347906545
0.11552285975525203
0.12471472777890476
0.11552285975525203
0.11552285975525203
0.11552285975525203
0.10061142347906545
0.12284169941147861
0.12471472777890476
0.10061142347906545
0.10979346016715068
0.12284169941147861
0.14269680983130184
0.10979346016715068
0.11552285975525203
0.11938075908763267
0.11552285975525203
0.12471472777890476
0.11552285975525203
0.10061142347906545
0.11552285975525203
0.10061142347906545
0.11552285975525203
0.10061142347906545
0.11552285975525203
0.11938075908763267
0.11552285975525203
0.12471472777890476
0.11938075908763267
0.10061142347906545
0.11552285975525203
0.10061142347906545
0.10061142347906545
0.09897134145311152
0.11552285975525203
0.12284169941147861
0.11552285975525203
0.10061142347906545
0.10061142347906545
0.11938075908763267
0.14269680983130184
0.09897134145311152
0.10061142347906545
0.10061142347906545
0.10061142347906545
0.12284169941147861
0.11938075908763267
0.12284169941147861
0.11552285975525203
0.09897134145311152
0.10061142347906545
0.11552285975525203
0.11938075908763267
0.12284169941147861
0.09897134145311152
0.12284169941147861
0.11552285975525203
0.13409754902797025
0.11552285975525203
0.09897134145311152
0.11552285975525203
0.11552285975525203
0.11552285975525203
0.09897134145311152
0.10061142347906545
0.09897134145311152
0.11552285975525203
0.11552285975525203
0.10061142347906545
0.10857182662377858
0.10857182662377858
0.10061142347906545
0.11552285975525203
0.11552285975525203
0.12284169941147861
0.10061142347906545
0.09897134145311152
0.09897134145311152
0.09897134145311152
0.09897134145311152
0.12284169941147861
0.10018778372830064
0.10061142347906545
0.11552285975525203
0.09897134145311152
0.10061142347906545
0.09897134145311152
0.10061142347906545
0.11552285975525203
0.13409754902797025
0.11552285975525203
0.09897134145311152
0.10061142347906545
0.13409754902797025
0.10061142347906545
0.11552285975525203
0.12284169941147861
0.11938075908763267
0.11552285975525203
0.12284169941147861
0.10061142347906545
0.11552285975525203
0.10061142347906545
0.09897134145311152
0.09897134145311152
0.10018778372830064
0.11552285975525203
0.11938075908763267
0.10061142347906545
0.10061142347906545
0.13409754902797025
0.14269680983130184
0.12284169941147861
0.12284169941147861
0.10061142347906545
0.11552285975525203
0.09897134145311152
0.10061142347906545
0.12284169941147861
0.09897134145311152
0.11552285975525203
0.10061142347906545
0.12284169941147861
0.10061142347906545
0.10061142347906545
0.12284169941147861
0.12284169941147861
0.10061142347906545
0.09897134145311152
0.11552285975525203
0.10061142347906545
0.10061142347906545
0.10061142347906545
0.13409754902797025
0.13409754902797025
0.13409754902797025
0.13409754902797025
0.11552285975525203
0.10018778372830064
0.13409754902797025
0.09897134145311152
0.12284169941147861
0.12284169941147861
0.11552285975525203
0.12284169941147861
0.11938075908763267
0.09897134145311152
0.10018778372830064
0.10018778372830064
0.10061142347906545
0.12284169941147861
0.10018778372830064
0.10962325423933175
0.09897134145311152
0.09897134145311152
0.12284169941147861
0.13409754902797025
0.10018778372830064
0.10061142347906545
0.09897134145311152
0.13409754902797025
0.11552285975525203
0.13409754902797025
0.13409754902797025
0.10018778372830064
0.14155619112152917
0.10018778372830064
0.10061142347906545
0.10962325423933175
0.11552285975525203
0.09897134145311152
0.09897134145311152
0.10061142347906545
0.09897134145311152
0.11552285975525203
0.11938075908763267
0.10061142347906545
0.09897134145311152
0.10018778372830064
0.09897134145311152
0.11552285975525203
0.09897134145311152
0.09897134145311152
0.10018778372830064
0.13409754902797025
0.10061142347906545
0.09897134145311152
0.11552285975525203
0.09897134145311152
0.10018778372830064
0.10061142347906545
0.09897134145311152
0.12284169941147861
0.09897134145311152
0.13409754902797025
0.12284169941147861
0.10061142347906545
0.12284169941147861
0.09897134145311152
0.10018778372830064
0.09897134145311152
0.12284169941147861
0.14155619112152917
0.10018778372830064
0.12284169941147861
0.10018778372830064
0.12284169941147861
0.14155619112152917
0.10018778372830064
0.11779680488477796
0.10018778372830064
0.13409754902797025
0.09897134145311152
0.11552285975525203
0.11779680488477796
0.10962325423933175
0.09897134145311152
0.10018778372830064
0.13409754902797025
0.12284169941147861
0.12284169941147861
0.13409754902797025
0.09897134145311152
0.11231822853928387
0.09897134145311152
0.14155619112152917
0.10018778372830064
0.13409754902797025
0.12284169941147861
0.14155619112152917
0.11779680488477796
0.12284169941147861
0.11552285975525203
0.09897134145311152
0.13409754902797025
0.10018778372830064
0.09897134145311152
0.11779680488477796
0.12284169941147861
0.12284169941147861
0.11552285975525203
0.13409754902797025
0.13409754902797025
0.09897134145311152
0.11779680488477796
0.11231822853928387
0.10018778372830064
0.09897134145311152
0.14155619112152917
0.12284169941147861
0.10018778372830064
0.11779680488477796
0.09897134145311152
0.13409754902797025
0.09897134145311152
0.13409754902797025
0.11231822853928387
0.10018778372830064
0.14155619112152917
0.13409754902797025
0.13409754902797025
0.09897134145311152
0.13409754902797025
0.09897134145311152
0.1086117127135243
0.14155619112152917
0.11779680488477796
0.11779680488477796
0.11779680488477796
0.09897134145311152
0.13409754902797025
0.13409754902797025
0.10018778372830064
0.11779680488477796
0.12284169941147861
0.12284169941147861
0.09897134145311152
0.12284169941147861
0.14155619112152917
0.14155619112152917
0.11779680488477796
0.14155619112152917
0.18623271312991527
0.11779680488477796
0.10962325423933175
0.13409754902797025
0.12284169941147861
0.1086117127135243
0.11779680488477796
0.11324596547947126
0.13409754902797025
0.12284169941147861
0.14155619112152917
0.11779680488477796
0.14155619112152917
0.14155619112152917
0.12284169941147861
0.11779680488477796
0.12284169941147861
0.11779680488477796
0.18623271312991527
0.14155619112152917
0.10018778372830064
0.10018778372830064
0.11324596547947126
0.11779680488477796
0.09897134145311152
0.10018778372830064
0.11779680488477796
0.1086117127135243
0.14155619112152917
0.18623271312991527
0.10018778372830064
0.10241644626418336
0.10018778372830064
0.11779680488477796
0.11779680488477796
0.14155619112152917
0.11779680488477796
0.11324596547947126
0.13409754902797025
0.1086117127135243
0.10018778372830064
0.14155619112152917
0.10018778372830064
0.09897134145311152
0.11779680488477796
0.14155619112152917
0.11779680488477796
0.11779680488477796
0.1086117127135243
0.11779680488477796
0.11779680488477796
0.11324596547947126
0.14155619112152917
0.13409754902797025
0.10018778372830064
0.12839746279134093
0.14155619112152917
0.18623271312991527
0.11779680488477796
0.11779680488477796
0.14155619112152917
0.11779680488477796
0.14155619112152917
0.09897134145311152
0.11324596547947126
0.18623271312991527
0.1086117127135243
0.11779680488477796
0.11324596547947126
0.1086117127135243
0.18623271312991527
0.14155619112152917
0.11779680488477796
0.13409754902797025
0.14155619112152917
0.11324596547947126
0.11324596547947126
0.14155619112152917
0.13409754902797025
0.1086117127135243
0.18623271312991527
0.18623271312991527
0.12284169941147861
0.11779680488477796
0.18623271312991527
0.13409754902797025
0.11324596547947126
0.14155619112152917
0.10241644626418336
0.14155619112152917
0.11324596547947126
0.11324596547947126
0.11324596547947126
0.18623271312991527
0.12284169941147861
0.11324596547947126
0.11779680488477796
0.13409754902797025
0.11779680488477796
0.11324596547947126
0.14155619112152917
0.11779680488477796
0.14155619112152917
0.1086117127135243
0.13409754902797025
0.11779680488477796
0.18623271312991527
0.1086117127135243
0.1086117127135243
0.11324596547947126
0.1086117127135243
0.11779680488477796
0.18623271312991527
0.10241644626418336
0.11779680488477796
0.11324596547947126
0.11324596547947126
0.18623271312991527
0.1086117127135243
0.11324596547947126
0.1086117127135243
0.1086117127135243
0.13409754902797025
0.1086117127135243
0.10962325423933175
0.1086117127135243
0.14155619112152917
0.13465697430664064
0.14155619112152917
0.10962325423933175
0.12839746279134093
0.13409754902797025
0.11324596547947126
0.11779680488477796
0.11779680488477796
0.11324596547947126
0.10241644626418336
0.11324596547947126
0.13409754902797025
0.1086117127135243
0.11324596547947126
0.11324596547947126
0.11324596547947126
0.1086117127135243
0.10962325423933175
0.10962325423933175
0.11324596547947126
0.1086117127135243
0.13409754902797025
0.11324596547947126
0.11324596547947126
0.11324596547947126
0.11324596547947126
0.11779680488477796
0.13465697430664064
0.1086117127135243
0.1086117127135243
0.12839746279134093
0.11324596547947126
0.10962325423933175
0.11324596547947126
0.12839746279134093
0.11779680488477796
0.1086117127135243
0.10241644626418336
0.12839746279134093
0.11324596547947126
0.11324596547947126
0.14155619112152917
0.14155619112152917
0.11324596547947126
0.13465697430664064
0.11324596547947126
0.18623271312991527
0.11779680488477796
0.10962325423933175
0.11779680488477796
0.11779680488477796
0.11324596547947126
0.12839746279134093
0.11324596547947126
0.11324596547947126
0.14155619112152917
0.13465697430664064
0.11779680488477796
0.18623271312991527
0.18623271312991527
0.11779680488477796
0.16552629765246576
0.11779680488477796
0.10241644626418336
0.1086117127135243
0.12954021898995668
0.12839746279134093
0.10204506669322819
0.18623271312991527
0.1086117127135243
0.13465697430664064
0.12839746279134093
0.1086117127135243
0.11779680488477796
0.16552629765246576
0.11324596547947126
0.11324596547947126
0.12839746279134093
0.16552629765246576
0.11324596547947126
0.11324596547947126
0.10241644626418336
0.11324596547947126
0.11324596547947126
0.11324596547947126
0.11324596547947126
0.11324596547947126
0.10241644626418336
0.11324596547947126
0.11779680488477796
0.11324596547947126
0.11324596547947126
0.18623271312991527
0.11779680488477796
0.10241644626418336
0.16077752017210473
0.1086117127135243
0.14279588700590634
0.11324596547947126
0.11324596547947126
0.16077752017210473
0.10241644626418336
0.11779680488477796
0.18623271312991527
0.11324596547947126
0.16077752017210473
0.1086117127135243
0.11779680488477796
0.11779680488477796
0.10241644626418336
0.11779680488477796
0.11324596547947126
0.1086117127135243
0.18623271312991527
0.11324596547947126
0.12839746279134093
0.11324596547947126
0.12839746279134093
0.11324596547947126
0.11231822853928387
0.13465697430664064
0.12839746279134093
0.18623271312991527
0.10204506669322819
0.11231822853928387
0.12839746279134093
0.10241644626418336
0.11324596547947126
0.1086117127135243
0.16077752017210473
0.18623271312991527
0.10241644626418336
0.09649498517027255
0.11324596547947126
0.12839746279134093
0.11324596547947126
0.11324596547947126
0.1086117127135243
0.18623271312991527
0.10241644626418336
0.10241644626418336
0.11324596547947126
0.11324596547947126
0.11324596547947126
0.1086117127135243
0.10241644626418336
0.12839746279134093
0.11779680488477796
0.13465697430664064
0.11324596547947126
0.10241644626418336
0.12839746279134093
0.11324596547947126
0.10241644626418336
0.09649498517027255
0.11324596547947126
0.12839746279134093
0.11231822853928387
0.1086117127135243
0.11231822853928387
0.12839746279134093
0.12839746279134093
0.11324596547947126
0.11324596547947126
0.1086117127135243
0.12839746279134093
0.11324596547947126
0.1086117127135243
0.11324596547947126
0.12839746279134093
0.1086117127135243
0.11324596547947126
0.11324596547947126
0.11092634989705143
0.10241644626418336
0.10241644626418336
0.1086117127135243
0.13465697430664064
0.12839746279134093
0.11231822853928387
0.10241644626418336
0.11324596547947126
0.11324596547947126
0.10241644626418336
0.1086117127135243
0.13465697430664064
0.10241644626418336
0.13465697430664064
0.1086117127135243
0.11324596547947126
0.10241644626418336
0.11324596547947126
0.11779680488477796
0.10241644626418336
0.13465697430664064
0.13465697430664064
0.12839746279134093
0.1086117127135243
0.1086117127135243
0.12839746279134093
0.13465697430664064
0.13465697430664064
0.11324596547947126
0.11092634989705143
0.11324596547947126
0.13465697430664064
0.12839746279134093
0.11324596547947126
0.11324596547947126
0.11324596547947126
0.10241644626418336
0.12839746279134093
0.12839746279134093
0.10241644626418336
0.09649498517027255
0.13465697430664064
0.16077752017210473
0.11324596547947126
0.10241644626418336
0.18623271312991527
0.11324596547947126
0.12839746279134093
0.16077752017210473
0.13465697430664064
0.11779680488477796
0.1086117127135243
0.11324596547947126
0.10241644626418336
0.1086117127135243
0.12839746279134093
0.11092634989705143
0.12839746279134093
0.12839746279134093
0.13465697430664064
0.1086117127135243
0.1086117127135243
0.10204506669322819
0.10241644626418336
0.1086117127135243
0.1086117127135243
0.09649498517027255
0.11324596547947126
0.1086117127135243
0.1086117127135243
0.10241644626418336
0.1086117127135243
0.13465697430664064
0.1031189035138307
0.10241644626418336
0.09649498517027255
0.16077752017210473
0.10241644626418336
0.11324596547947126
0.16077752017210473
0.16077752017210473
0.11324596547947126
0.11324596547947126
0.1031189035138307
0.13465697430664064
0.10241644626418336
0.11324596547947126
0.10241644626418336
0.13465697430664064
0.1086117127135243
0.12839746279134093
0.11324596547947126
0.10241644626418336
0.13465697430664064
0.11092634989705143
0.13465697430664064
0.1086117127135243
0.1086117127135243
0.1086117127135243
0.11324596547947126
0.10241644626418336
0.1086117127135243
0.11324596547947126
0.11324596547947126
0.12839746279134093
0.11324596547947126
0.11324596547947126
0.09649498517027255
0.13465697430664064
0.10241644626418336
0.13465697430664064
0.13465697430664064
0.12839746279134093
0.1086117127135243
0.09649498517027255
0.13465697430664064
0.10241644626418336
0.12839746279134093
0.1086117127135243
0.10241644626418336
0.12839746279134093
0.12839746279134093
0.11324596547947126
0.11324596547947126
0.11324596547947126
0.11324596547947126
0.1086117127135243
0.1086117127135243
0.11324596547947126
0.11092634989705143
0.11324596547947126
0.11324596547947126
0.12839746279134093
0.13465697430664064
0.11324596547947126
0.12954021898995668
0.12839746279134093
0.1086117127135243
0.13465697430664064
0.1086117127135243
0.11324596547947126
0.11324596547947126
0.13465697430664064
0.11324596547947126
0.09649498517027255
0.1086117127135243
0.10204506669322819
0.1086117127135243
0.1086117127135243
0.09649498517027255
0.11779158492778376
0.11324596547947126
0.11324596547947126
0.09649498517027255
0.13465697430664064
0.11324596547947126
0.11324596547947126
0.1086117127135243
0.10204506669322819
0.11324596547947126
0.11779680488477796
0.13465697430664064
0.10241644626418336
0.1086117127135243
0.13465697430664064
0.10241644626418336
0.13465697430664064
0.10204506669322819
0.12839746279134093
0.13465697430664064
0.11324596547947126
0.10241644626418336
0.11324596547947126
0.1086117127135243
0.1086117127135243
0.13465697430664064
0.13465697430664064
0.11324596547947126
0.13465697430664064
0.12839746279134093
0.13465697430664064
0.10204506669322819
0.11324596547947126
0.1086117127135243
0.13465697430664064
0.10241644626418336
0.13465697430664064
0.13465697430664064
0.11324596547947126
0.1086117127135243
0.1086117127135243
0.11324596547947126
0.12839746279134093
0.13465697430664064
0.13465697430664064
0.10204506669322819
0.09649498517027255
0.12839746279134093
0.12839746279134093
0.09649498517027255
0.13465697430664064
0.13465697430664064
0.13465697430664064
0.11779680488477796
0.12954021898995668
0.11092634989705143
0.13465697430664064
0.09649498517027255
0.12839746279134093
0.10204506669322819
0.13465697430664064
0.13465697430664064
0.11324596547947126
0.09753295004610836
0.13465697430664064
0.09753295004610836
0.10241644626418336
0.1086117127135243
0.13465697430664064
0.09753295004610836
0.10241644626418336
0.09649498517027255
0.13465697430664064
0.09649498517027255
0.11779158492778376
0.13465697430664064
0.10241644626418336
0.11779158492778376
0.09649498517027255
0.11779158492778376
0.13465697430664064
0.09753295004610836
0.1031189035138307
0.13465697430664064
0.10241644626418336
0.09649498517027255
0.09649498517027255
0.13465697430664064
0.12954021898995668
0.11779158492778376
0.13465697430664064
0.09649498517027255
0.09753295004610836
0.13465697430664064
0.13465697430664064
0.09649498517027255
0.09649498517027255
0.11779158492778376
0.13465697430664064
0.09649498517027255
0.1031189035138307
0.13649721704416642
0.13465697430664064
0.09753295004610836
0.13465697430664064
0.10204506669322819
0.10204506669322819
0.10204506669322819
0.1086117127135243
0.10204506669322819
0.13649721704416642
0.13465697430664064
0.09649498517027255
0.13465697430664064
0.13465697430664064
0.10204506669322819
0.13649721704416642
0.09649498517027255
0.10204506669322819
0.09649498517027255
0.11779158492778376
0.11779158492778376
0.09649498517027255
0.09649498517027255
0.09649498517027255
0.13649721704416642
0.09753295004610836
0.09753295004610836
0.13465697430664064
0.09649498517027255
0.1031189035138307
0.11324596547947126
0.12954021898995668
0.09753295004610836
0.13465697430664064
0.13465697430664064
0.13465697430664064
0.09753295004610836
0.12954021898995668
0.09649498517027255
0.09692893288490755
0.13649721704416642
0.13465697430664064
0.09649498517027255
0.13465697430664064
0.13465697430664064
0.09649498517027255
0.14554737552895905
0.09649498517027255
0.13649721704416642
0.09649498517027255
0.09649498517027255
0.09649498517027255
0.09649498517027255
0.09649498517027255
0.13465697430664064
0.14554737552895905
0.14757295244715468
0.09753295004610836
0.13649721704416642
0.13649721704416642
0.09692893288490755
0.1031189035138307
0.13649721704416642
0.13649721704416642
0.09753295004610836
0.09753295004610836
0.09753295004610836
0.10204506669322819
0.09753295004610836
0.09753295004610836
0.09649498517027255
0.09753295004610836
0.09753295004610836
0.09649498517027255
0.10772609920069276
0.09649498517027255
0.09753295004610836
0.09649498517027255
0.1157105415969843
0.13649721704416642
0.09649498517027255
0.09753295004610836
0.09692893288490755
0.09753295004610836
0.09753295004610836
0.09649498517027255
0.14554737552895905
0.09692893288490755
0.09649498517027255
0.09649498517027255
0.13649721704416642
0.09692893288490755
0.1031189035138307
0.09753295004610836
0.09753295004610836
0.09753295004610836
0.13649721704416642
0.09753295004610836
0.10772609920069276
0.09753295004610836
0.13649721704416642
0.09692893288490755
0.09753295004610836
0.13649721704416642
0.13649721704416642
0.13649721704416642
0.09692893288490755
0.1157105415969843
0.09753295004610836
0.09692893288490755
0.11266662718485149
0.09649498517027255
