Affinity
0.048108882860991964
0.048108882860991964
0.09176640351026945
0.09176640351026945
0.11914258194721036
0.048108882860991964
0.048108882860991964
0.10665306139942876
0.0716882174655104
0.048108882860991964
0.05555782109758145
0.048108882860991964
0.048108882860991964
0.09176640351026945
0.0716882174655104
0.0716882174655104
0.0716882174655104
0.10665306139942876
0.0716882174655104
0.0716882174655104
0.0716882174655104
0.0716882174655104
0.09176640351026945
0.08665862448885892
0.048108882860991964
0.09176640351026945
0.0716882174655104
0.11660874355959816
0.048108882860991964
0.048108882860991964
0.11660874355959816
0.09176640351026945
0.09176640351026945
0.09176640351026945
0.09176640351026945
0.0716882174655104
0.09176640351026945
0.11496301956036949
0.0716882174655104
0.08665862448885892
0.048108882860991964
0.0716882174655104
0.0716882174655104
0.08665862448885892
0.1433302662300596
0.1433302662300596
0.11496301956036949
0.10665306139942876
0.12827545012066457
0.09176640351026945
0.11660874355959816
0.09176640351026945
0.1433302662300596
0.10594887017631091
0.1433302662300596
0.09176640351026945
0.05555782109758145
0.11496301956036949
0.08604923867479829
0.10594887017631091
0.09176640351026945
0.11496301956036949
0.09176640351026945
0.0716882174655104
0.08665862448885892
0.11496301956036949
0.12827545012066457
0.10665306139942876
0.08665862448885892
0.1433302662300596
0.0716882174655104
0.11660874355959816
0.1433302662300596
0.09176640351026945
0.048108882860991964
0.11496301956036949
0.11496301956036949
0.10665306139942876
0.048108882860991964
0.10665306139942876
0.09176640351026945
0.10665306139942876
0.10665306139942876
0.09176640351026945
0.09176640351026945
0.09176640351026945
0.11496301956036949
0.0716882174655104
0.05555782109758145
0.10665306139942876
0.10665306139942876
0.09835505690839033
0.12827545012066457
0.0716882174655104
0.07996720358798194
0.10665306139942876
0.08833670342349807
0.08604923867479829
0.09176640351026945
0.12827545012066457
0.13733805390375073
0.11496301956036949
0.11496301956036949
0.1433302662300596
0.05555782109758145
0.10665306139942876
0.10665306139942876
0.10665306139942876
0.12827545012066457
0.13733805390375073
0.08604923867479829
0.12827545012066457
0.0716882174655104
0.0716882174655104
0.05555782109758145
0.09176640351026945
0.09835505690839033
0.12827545012066457
0.13733805390375073
0.048108882860991964
0.12827545012066457
0.13733805390375073
0.0716882174655104
0.12827545012066457
0.12827545012066457
0.0716882174655104
0.09176640351026945
0.10665306139942876
0.10665306139942876
0.12827545012066457
0.052838309004966784
0.08833670342349807
0.0716882174655104
0.09612537920292313
0.10665306139942876
0.10665306139942876
0.08665862448885892
0.09176640351026945
0.11496301956036949
0.05555782109758145
0.05555782109758145
0.11496301956036949
0.12830961936328242
0.10665306139942876
0.13733805390375073
0.08833670342349807
0.10133148267996997
0.09835505690839033
0.052838309004966784
0.09176640351026945
0.11496301956036949
0.0716882174655104
0.10665306139942876
0.11496301956036949
0.09835505690839033
0.05555782109758145
0.08833670342349807
0.11496301956036949
0.08833670342349807
0.10665306139942876
0.08830118287431525
0.11660874355959816
0.0716882174655104
0.10594887017631091
0.05555782109758145
0.13733805390375073
0.048108882860991964
0.11496301956036949
0.09835505690839033
0.09835505690839033
0.13733805390375073
0.11496301956036949
0.12827545012066457
0.08604923867479829
0.0716882174655104
0.11496301956036949
0.11496301956036949
0.12827545012066457
0.10665306139942876
0.11496301956036949
0.13733805390375073
0.12827545012066457
0.11496301956036949
0.12830961936328242
0.0716882174655104
0.09835505690839033
0.12827545012066457
0.10665306139942876
0.10665306139942876
0.09835505690839033
0.10665306139942876
0.11496301956036949
0.12827545012066457
0.08830118287431525
0.10665306139942876
0.10133148267996997
0.12827545012066457
0.11496301956036949
0.11496301956036949
0.08604923867479829
0.10665306139942876
0.09176640351026945
0.12830961936328242
0.08665862448885892
0.11496301956036949
0.09835505690839033
0.13733805390375073
0.09176640351026945
0.09176640351026945
0.052838309004966784
0.08833670342349807
0.0716882174655104
0.12827545012066457
0.11660874355959816
0.11496301956036949
0.11660874355959816
0.13733805390375073
0.11496301956036949
0.08604923867479829
0.08604923867479829
0.10665306139942876
0.08833670342349807
0.11496301956036949
0.11496301956036949
0.10133148267996997
0.11660874355959816
0.13733805390375073
0.10665306139942876
0.11660874355959816
0.052838309004966784
0.09176640351026945
0.052838309004966784
0.10665306139942876
0.16869886233584583
0.08830118287431525
0.08833670342349807
0.11660874355959816
0.08665862448885892
0.13733805390375073
0.12830961936328242
0.11496301956036949
0.08830118287431525
0.0716882174655104
0.0716882174655104
0.12827545012066457
0.13733805390375073
0.08604923867479829
0.052838309004966784
0.1226881442843432
0.10665306139942876
0.11496301956036949
0.0716882174655104
0.12827545012066457
0.08665862448885892
0.12830961936328242
0.11496301956036949
0.11496301956036949
0.0716882174655104
0.11496301956036949
0.052838309004966784
0.10665306139942876
0.0716882174655104
0.12827545012066457
0.08665862448885892
0.08604923867479829
0.13733805390375073
0.12830961936328242
0.08665862448885892
0.09176640351026945
0.11496301956036949
0.13733805390375073
0.09835505690839033
0.12830961936328242
0.11660874355959816
0.11496301956036949
0.08833670342349807
0.13733805390375073
0.08830118287431525
0.13733805390375073
0.052838309004966784
0.12827545012066457
0.12827545012066457
0.08604923867479829
0.12827545012066457
0.12827545012066457
0.11496301956036949
0.09835505690839033
0.0716882174655104
0.12827545012066457
0.12830961936328242
0.12827545012066457
0.11660874355959816
0.08833670342349807
0.09835505690839033
0.11660874355959816
0.12827545012066457
0.12827545012066457
0.11660874355959816
0.12830961936328242
0.11496301956036949
0.12830961936328242
0.10665306139942876
0.11496301956036949
0.10665306139942876
0.12827545012066457
0.08604923867479829
0.08665862448885892
0.12827545012066457
0.08833670342349807
0.12830961936328242
0.12827545012066457
0.09612537920292313
0.08604923867479829
0.11660874355959816
0.09835505690839033
0.09612537920292313
0.11496301956036949
0.08604923867479829
0.0716882174655104
0.13733805390375073
0.12827545012066457
0.0716882174655104
0.16869886233584583
0.08604923867479829
0.08833670342349807
0.12830961936328242
0.12830961936328242
0.11660874355959816
0.11660874355959816
0.13733805390375073
0.11496301956036949
0.12830961936328242
0.12830961936328242
0.09612537920292313
0.052838309004966784
0.11660874355959816
0.1226881442843432
0.12827545012066457
0.13733805390375073
0.11496301956036949
0.12827545012066457
0.09835505690839033
0.13733805390375073
0.08833670342349807
0.08833670342349807
0.08665862448885892
0.08830118287431525
0.09835505690839033
0.13733805390375073
0.11660874355959816
0.12830961936328242
0.09612537920292313
0.11660874355959816
0.12830961936328242
0.08830118287431525
0.16869886233584583
0.12830961936328242
0.11660874355959816
0.16869886233584583
0.16869886233584583
0.08604923867479829
0.12830961936328242
0.11660874355959816
0.13733805390375073
0.10665306139942876
0.11660874355959816
0.09176640351026945
0.11496301956036949
0.10665306139942876
0.09612537920292313
0.08833670342349807
0.11660874355959816
0.12830961936328242
0.11660874355959816
0.11660874355959816
0.08830118287431525
0.16869886233584583
0.11660874355959816
0.09612537920292313
0.13733805390375073
0.09612537920292313
0.10665306139942876
0.08833670342349807
0.08604923867479829
0.09835505690839033
0.16869886233584583
0.052838309004966784
0.08665862448885892
0.12830961936328242
0.09835505690839033
0.08604923867479829
0.13733805390375073
0.12830961936328242
0.08830118287431525
0.052838309004966784
0.12830961936328242
0.11496301956036949
0.12830961936328242
0.13733805390375073
0.11496301956036949
0.11496301956036949
0.12827545012066457
0.13733805390375073
0.12830961936328242
0.10665306139942876
0.12830961936328242
0.08833670342349807
0.08517239887085533
0.11496301956036949
0.08830118287431525
0.11660874355959816
0.13733805390375073
0.11496301956036949
0.12830961936328242
0.08833670342349807
0.12830961936328242
0.12830961936328242
0.08833670342349807
0.11660874355959816
0.09612537920292313
0.16869886233584583
0.08833670342349807
0.10665306139942876
0.12830961936328242
0.11660874355959816
0.09612537920292313
0.08830118287431525
0.12830961936328242
0.10665306139942876
0.09835505690839033
0.08833670342349807
0.11660874355959816
0.12830961936328242
0.11660874355959816
0.12827545012066457
0.12830961936328242
0.10665306139942876
0.12827545012066457
0.1515506002870892
0.12830961936328242
0.12830961936328242
0.11496301956036949
0.11496301956036949
0.12830961936328242
0.08833670342349807
0.08833670342349807
0.11496301956036949
0.09612537920292313
0.12830961936328242
0.09835505690839033
0.08231758021794189
0.12830961936328242
0.08517239887085533
0.12827545012066457
0.09835505690839033
0.08604923867479829
0.09835505690839033
0.11496301956036949
0.12830961936328242
0.13733805390375073
0.08604923867479829
0.12830961936328242
0.11496301956036949
0.052838309004966784
0.11496301956036949
0.09612537920292313
0.052838309004966784
0.12830961936328242
0.052838309004966784
0.10665306139942876
0.10665306139942876
0.08665862448885892
0.11496301956036949
0.12830961936328242
0.08604923867479829
0.12830961936328242
0.12830961936328242
0.12830961936328242
0.07262323440367656
0.09612537920292313
0.12830961936328242
0.12827545012066457
0.12830961936328242
0.11660874355959816
0.052838309004966784
0.13733805390375073
0.16869886233584583
0.12830961936328242
0.052838309004966784
0.052838309004966784
0.09612537920292313
0.12830961936328242
0.09612537920292313
0.16869886233584583
0.12827545012066457
0.1502499405296476
0.11660874355959816
0.09631891468178823
0.1010868087247584
0.12830961936328242
0.08070640819295315
0.13733805390375073
0.16869886233584583
0.08070640819295315
0.12830961936328242
0.12830961936328242
0.12830961936328242
0.09612537920292313
0.09612537920292313
0.09631891468178823
0.12830961936328242
0.12830961936328242
0.09612537920292313
0.12830961936328242
0.12830961936328242
0.16869886233584583
0.12830961936328242
0.12830961936328242
0.09631891468178823
0.09612537920292313
0.12830961936328242
0.09612537920292313
0.09612537920292313
0.12830961936328242
0.12830961936328242
0.12830961936328242
0.16869886233584583
0.09612537920292313
0.09631891468178823
0.12830961936328242
0.16869886233584583
0.12830961936328242
0.08517239887085533
0.1010868087247584
0.12830961936328242
0.09612537920292313
0.12830961936328242
0.12830961936328242
0.16869886233584583
0.12830961936328242
0.1502499405296476
0.12830961936328242
0.16869886233584583
0.12827545012066457
0.09612537920292313
0.09612537920292313
0.12830961936328242
0.12830961936328242
0.1010868087247584
0.09631891468178823
0.12830961936328242
0.12830961936328242
0.12830961936328242
0.12830961936328242
0.16869886233584583
0.09612537920292313
0.08833670342349807
0.09612537920292313
0.12830961936328242
0.09612537920292313
0.09612537920292313
0.1502499405296476
0.09612537920292313
0.09612537920292313
0.12830961936328242
0.12830961936328242
0.09612537920292313
0.09612537920292313
0.09612537920292313
0.08738652768058883
0.09612537920292313
0.12830961936328242
0.12830961936328242
0.09612537920292313
0.09612537920292313
0.09612537920292313
0.1502499405296476
0.09612537920292313
0.08517239887085533
0.08070640819295315
0.09631891468178823
0.1502499405296476
0.12830961936328242
0.12830961936328242
0.12830961936328242
0.12830961936328242
0.12830961936328242
0.09612537920292313
0.09631891468178823
0.09631891468178823
0.09612537920292313
0.12830961936328242
0.09612537920292313
0.08517239887085533
0.09612537920292313
0.08070640819295315
0.09631891468178823
0.08231758021794189
0.12184714621173204
0.09612537920292313
0.08231758021794189
0.1010868087247584
0.09639547428862363
0.12830961936328242
0.12830961936328242
0.12830961936328242
0.09612537920292313
0.09612537920292313
0.08833670342349807
0.08231758021794189
0.07262323440367656
0.12830961936328242
0.09612537920292313
0.07262323440367656
0.12184714621173204
0.12830961936328242
0.09612537920292313
0.09612537920292313
0.09612537920292313
0.07262323440367656
0.09612537920292313
0.09612537920292313
0.09639547428862363
0.09612537920292313
0.15616008701416115
0.09631891468178823
0.1010868087247584
0.12184714621173204
0.08070640819295315
0.09612537920292313
0.09612537920292313
0.1502499405296476
0.08070640819295315
0.15616008701416115
0.09631891468178823
0.08070640819295315
0.09631891468178823
0.09612537920292313
0.12184714621173204
0.09631891468178823
0.1502499405296476
0.08231758021794189
0.08517239887085533
0.09612537920292313
0.09612537920292313
0.07262323440367656
0.09612537920292313
0.15616008701416115
0.09612537920292313
0.15616008701416115
0.1010868087247584
0.12184714621173204
0.08070640819295315
0.09612537920292313
0.08070640819295315
0.09612537920292313
0.09631891468178823
0.12184714621173204
0.09612537920292313
0.07609384822870262
0.15616008701416115
0.09340530666896159
0.09340530666896159
0.09340530666896159
0.08517239887085533
0.15616008701416115
0.08070640819295315
0.15616008701416115
0.15616008701416115
0.09612537920292313
0.09639547428862363
0.08231758021794189
0.09340530666896159
0.15616008701416115
0.12184714621173204
0.08517239887085533
0.09340530666896159
0.0767968146400833
0.09631891468178823
0.07262323440367656
0.1010868087247584
0.09340530666896159
0.09631891468178823
0.08070640819295315
0.09340530666896159
0.09340530666896159
0.07262323440367656
0.09631891468178823
0.12184714621173204
0.09612537920292313
0.09631891468178823
0.09340530666896159
0.08231758021794189
0.09340530666896159
0.15616008701416115
0.09340530666896159
0.15616008701416115
0.08231758021794189
0.09612537920292313
0.12184714621173204
0.15616008701416115
0.09340530666896159
0.09340530666896159
0.15616008701416115
0.09340530666896159
0.12184714621173204
0.09631891468178823
0.09340530666896159
0.12184714621173204
0.09631891468178823
0.08231758021794189
0.07609384822870262
0.15616008701416115
0.09340530666896159
0.12184714621173204
0.07262323440367656
0.15616008701416115
0.15616008701416115
0.07609384822870262
0.09340530666896159
0.07609384822870262
0.09340530666896159
0.09631891468178823
0.09631891468178823
0.09631891468178823
0.09612537920292313
0.15616008701416115
0.15616008701416115
0.09612537920292313
0.09340530666896159
0.07262323440367656
0.09340530666896159
0.10964177132432124
0.07262323440367656
0.09340530666896159
0.0767968146400833
0.12184714621173204
0.09340530666896159
0.09612537920292313
0.10964177132432124
0.09340530666896159
0.09340530666896159
0.08070640819295315
0.15616008701416115
0.09340530666896159
0.09340530666896159
0.08070640819295315
0.12184714621173204
0.08070640819295315
0.09612537920292313
0.07609384822870262
0.10964177132432124
0.09340530666896159
0.09612537920292313
0.09340530666896159
0.12184714621173204
0.15616008701416115
0.09612537920292313
0.09340530666896159
0.09631891468178823
0.08070640819295315
0.15616008701416115
0.15616008701416115
0.0767968146400833
0.09612537920292313
0.12184714621173204
0.09340530666896159
0.15616008701416115
0.09340530666896159
0.12184714621173204
0.09340530666896159
0.13052057684781154
0.12184714621173204
0.10964177132432124
0.09340530666896159
0.12184714621173204
0.06234990524233148
0.09340530666896159
0.12184714621173204
0.09340530666896159
0.09340530666896159
0.09612537920292313
0.07609384822870262
0.09340530666896159
0.09340530666896159
0.12184714621173204
0.15616008701416115
0.09340530666896159
0.12184714621173204
0.12184714621173204
0.06234990524233148
0.09612537920292313
0.08070640819295315
0.09340530666896159
0.12184714621173204
0.08070640819295315
0.12184714621173204
0.12184714621173204
0.16543298034953632
0.10379722572764402
0.12184714621173204
0.09340530666896159
0.07609384822870262
0.07317819967226985
0.16543298034953632
0.09340530666896159
0.09612537920292313
0.15616008701416115
0.16543298034953632
0.07609384822870262
0.15616008701416115
0.07317819967226985
0.09340530666896159
0.09340530666896159
0.07609384822870262
0.12184714621173204
0.12184714621173204
0.07609384822870262
0.09340530666896159
0.0767968146400833
0.12184714621173204
0.09340530666896159
0.09340530666896159
0.09340530666896159
0.12184714621173204
0.06234990524233148
0.12184714621173204
0.08034748851252337
0.09340530666896159
0.12184714621173204
0.11537665487258807
0.15616008701416115
0.09340530666896159
0.16543298034953632
0.16543298034953632
0.07609384822870262
0.08070640819295315
0.07317819967226985
0.13052057684781154
0.08070640819295315
0.07609384822870262
0.0962537885413648
0.0962537885413648
0.07653878001894275
0.09340530666896159
0.13052057684781154
0.08070640819295315
0.09631891468178823
0.08070640819295315
0.07653878001894275
0.13052057684781154
0.13052057684781154
0.12184714621173204
0.09340530666896159
0.09340530666896159
0.0762834448660897
0.11537665487258807
0.07317819967226985
0.11537665487258807
0.0962537885413648
0.12184714621173204
0.10379722572764402
0.16543298034953632
0.09340530666896159
0.08070640819295315
0.06234990524233148
0.06840794380194448
0.09340530666896159
0.09340530666896159
0.0962537885413648
0.09340530666896159
0.0962537885413648
0.06234990524233148
0.12184714621173204
0.06234990524233148
0.11537665487258807
0.12184714621173204
0.0962537885413648
0.08034748851252337
0.11576120148337021
0.12184714621173204
0.0962537885413648
0.07609384822870262
0.0767968146400833
0.08070640819295315
0.09340530666896159
0.12429911547090985
0.13052057684781154
0.09340530666896159
0.04998139444424845
0.0762834448660897
0.0962537885413648
0.1556879885304227
0.0962537885413648
0.0962537885413648
0.10379722572764402
0.0962537885413648
0.08070640819295315
0.09340530666896159
0.07653878001894275
0.15616008701416115
0.11537665487258807
0.06732037562090809
0.11537665487258807
0.07317819967226985
0.0962537885413648
0.16543298034953632
0.07609384822870262
0.07609384822870262
0.07653878001894275
0.11576120148337021
0.07609384822870262
0.1556879885304227
0.11576120148337021
0.16543298034953632
0.11576120148337021
0.09340530666896159
0.11576120148337021
0.0962537885413648
0.11537665487258807
0.0962537885413648
0.07413450559877681
0.07609384822870262
0.12184714621173204
0.10998716122691032
0.1556879885304227
0.07934042582590217
0.1556879885304227
0.16543298034953632
0.13982968260371867
0.0767968146400833
0.08070640819295315
0.0962537885413648
0.04998139444424845
0.06234990524233148
0.12429911547090985
0.04998139444424845
0.15616008701416115
0.11576120148337021
0.06234990524233148
0.11576120148337021
0.07609384822870262
0.10379722572764402
0.12184714621173204
0.16543298034953632
0.11576120148337021
0.1556879885304227
0.07609384822870262
0.07317819967226985
0.16543298034953632
0.06732037562090809
0.06732037562090809
0.11537665487258807
0.10379722572764402
0.10379722572764402
0.0962537885413648
0.07609384822870262
0.07413450559877681
0.0962537885413648
0.10379722572764402
0.13982968260371867
0.057313269672503955
0.10379722572764402
0.07609384822870262
0.0962537885413648
0.057313269672503955
0.057313269672503955
0.10998716122691032
0.0767968146400833
0.06732037562090809
0.12429911547090985
0.0962537885413648
0.0962537885413648
0.09340530666896159
0.06234990524233148
0.06840794380194448
0.1556879885304227
0.057313269672503955
0.10379722572764402
0.0962537885413648
0.10097241141001229
0.16543298034953632
0.16543298034953632
0.06840794380194448
0.09340530666896159
0.16543298034953632
0.12184714621173204
0.07609384822870262
0.10379722572764402
0.16543298034953632
0.12429911547090985
0.057313269672503955
0.11576120148337021
0.06234990524233148
0.10379722572764402
0.1556879885304227
0.16543298034953632
0.04998139444424845
0.07849625378732132
0.11576120148337021
0.11576120148337021
0.16543298034953632
0.16543298034953632
0.16543298034953632
0.11537665487258807
0.06234990524233148
0.07413450559877681
0.16543298034953632
0.16543298034953632
0.16543298034953632
0.06732037562090809
0.06732037562090809
0.16543298034953632
0.16543298034953632
0.04998139444424845
0.0962537885413648
0.0962537885413648
0.04998139444424845
0.0962537885413648
0.10379722572764402
0.11576120148337021
0.16543298034953632
0.10379722572764402
0.11537665487258807
0.1556879885304227
0.04998139444424845
0.12184714621173204
0.1556879885304227
0.07317819967226985
0.10379722572764402
0.07317819967226985
0.10379722572764402
0.10379722572764402
0.11576120148337021
0.1556879885304227
0.057313269672503955
0.10379722572764402
0.16543298034953632
0.16543298034953632
0.16543298034953632
0.16543298034953632
0.11576120148337021
0.11576120148337021
0.11576120148337021
0.10379722572764402
0.06732037562090809
0.11576120148337021
0.16543298034953632
0.16543298034953632
0.07609384822870262
0.07413450559877681
0.06234990524233148
0.16543298034953632
0.07849625378732132
0.07317819967226985
0.04998139444424845
0.1556879885304227
0.16543298034953632
0.0962537885413648
0.16543298034953632
0.1556879885304227
0.06840794380194448
0.04998139444424845
0.057313269672503955
0.06732037562090809
0.06840794380194448
0.04998139444424845
0.04998139444424845
0.12429911547090985
0.04998139444424845
0.16543298034953632
0.07317819967226985
0.04998139444424845
0.07413450559877681
0.04998139444424845
0.07413450559877681
0.12429911547090985
0.13982968260371867
0.06234990524233148
0.07413450559877681
0.04998139444424845
0.10379722572764402
0.10379722572764402
0.06840794380194448
0.07413450559877681
0.10379722572764402
0.16543298034953632
0.10379722572764402
0.1556879885304227
0.06840794380194448
0.057313269672503955
0.04998139444424845
0.1337742377828123
0.10379722572764402
0.06840794380194448
0.11576120148337021
0.11576120148337021
0.057313269672503955
0.07317819967226985
0.11576120148337021
0.1556879885304227
0.0767968146400833
0.07413450559877681
0.16543298034953632
0.16543298034953632
0.18974901573342784
0.04998139444424845
0.16543298034953632
0.10379722572764402
0.16543298034953632
0.12184714621173204
0.057313269672503955
0.12184714621173204
0.06234990524233148
0.06234990524233148
0.06234990524233148
0.16543298034953632
0.04998139444424845
0.1556879885304227
0.057313269672503955
0.10379722572764402
0.07413450559877681
0.1337742377828123
0.1556879885304227
0.04998139444424845
0.1556879885304227
0.1556879885304227
0.1556879885304227
0.16543298034953632
0.07413450559877681
0.07413450559877681
0.06840794380194448
0.11576120148337021
0.06840794380194448
0.16543298034953632
0.04998139444424845
0.16543298034953632
0.1556879885304227
0.07413450559877681
0.16543298034953632
0.06234990524233148
0.11576120148337021
0.07413450559877681
0.16543298034953632
0.1556879885304227
0.06234990524233148
0.11576120148337021
0.06732037562090809
0.04998139444424845
0.06840794380194448
0.1556879885304227
0.1556879885304227
0.16543298034953632
0.04998139444424845
0.1556879885304227
0.04998139444424845
0.11576120148337021
0.06234990524233148
0.10379722572764402
0.04998139444424845
0.17159212483854827
0.04998139444424845
0.11576120148337021
0.16543298034953632
0.04998139444424845
0.06840794380194448
0.06840794380194448
0.06840794380194448
0.07413450559877681
0.16543298034953632
0.10379722572764402
0.06840794380194448
0.16543298034953632
0.06732037562090809
0.07413450559877681
0.1556879885304227
0.1438145600537798
0.10379722572764402
0.11576120148337021
0.11576120148337021
0.07413450559877681
0.12429911547090985
0.04998139444424845
0.06840794380194448
0.11576120148337021
0.0767968146400833
0.11576120148337021
0.07413450559877681
0.07413450559877681
0.10379722572764402
0.12429911547090985
0.04998139444424845
0.07317819967226985
0.13982968260371867
0.06840794380194448
0.16543298034953632
0.06305368498499861
0.11576120148337021
0.13982968260371867
0.1556879885304227
0.06840794380194448
0.11576120148337021
0.16543298034953632
0.04998139444424845
0.16543298034953632
0.07317819967226985
0.06840794380194448
0.04998139444424845
0.17159212483854827
0.04998139444424845
0.06840794380194448
0.06840794380194448
0.07413450559877681
0.11576120148337021
0.10379722572764402
0.07413450559877681
0.07317819967226985
0.16543298034953632
0.12429911547090985
0.04998139444424845
0.07413450559877681
0.06305368498499861
0.11576120148337021
0.06840794380194448
0.10379722572764402
0.06234990524233148
0.04998139444424845
0.1556879885304227
0.11576120148337021
0.07413450559877681
0.06234990524233148
0.04998139444424845
0.06840794380194448
0.06305368498499861
0.057313269672503955
0.16543298034953632
0.13982968260371867
0.10379722572764402
0.04998139444424845
0.06840794380194448
0.11576120148337021
0.06840794380194448
0.06732037562090809
0.16543298034953632
0.1556879885304227
0.16543298034953632
0.12429911547090985
0.16543298034953632
0.1556879885304227
0.17159212483854827
0.16543298034953632
0.06840794380194448
0.07413450559877681
0.04998139444424845
0.1556879885304227
0.04998139444424845
0.11576120148337021
0.16543298034953632
0.11576120148337021
0.11576120148337021
0.11576120148337021
0.17159212483854827
0.16543298034953632
0.16543298034953632
0.11576120148337021
0.11576120148337021
0.04998139444424845
0.10379722572764402
0.16543298034953632
0.11576120148337021
0.07317819967226985
0.04998139444424845
0.04998139444424845
0.04998139444424845
0.11576120148337021
0.07413450559877681
0.11576120148337021
0.11576120148337021
0.11576120148337021
0.06840794380194448
0.04998139444424845
0.08364489051739474
0.06840794380194448
0.10379722572764402
0.06840794380194448
0.11576120148337021
0.07413450559877681
0.11576120148337021
0.07413450559877681
0.18974901573342784
0.04998139444424845
0.04998139444424845
0.057313269672503955
0.16543298034953632
0.07413450559877681
0.1556879885304227
0.04998139444424845
0.07413450559877681
0.17159212483854827
0.16543298034953632
0.07413450559877681
0.11576120148337021
0.11576120148337021
0.11576120148337021
0.1556879885304227
0.11576120148337021
0.07858728805009896
0.04998139444424845
0.06732037562090809
0.06840794380194448
0.06840794380194448
0.06840794380194448
0.11576120148337021
0.08364489051739474
0.11576120148337021
0.06840794380194448
0.07858728805009896
0.06840794380194448
0.06840794380194448
0.11576120148337021
0.06840794380194448
0.06840794380194448
0.07413450559877681
0.0779284641080644
0.1556879885304227
0.06840794380194448
0.18974901573342784
0.04998139444424845
0.17159212483854827
0.11576120148337021
0.07413450559877681
0.11576120148337021
0.07413450559877681
0.18974901573342784
0.0738719352743259
0.04998139444424845
0.04998139444424845
0.11576120148337021
0.07413450559877681
0.057313269672503955
0.11576120148337021
0.07413450559877681
0.16543298034953632
0.07413450559877681
0.06840794380194448
0.1438145600537798
0.07317819967226985
0.06305368498499861
0.07113557892903002
0.0738719352743259
0.08364489051739474
0.17159212483854827
0.07113557892903002
0.18974901573342784
0.057313269672503955
0.08222276130006939
0.07413450559877681
0.06840794380194448
0.0738719352743259
0.057313269672503955
0.06840794380194448
0.11576120148337021
0.0738719352743259
0.0738719352743259
0.08364489051739474
0.08364489051739474
0.07113557892903002
0.18974901573342784
0.07036833081192684
0.11576120148337021
0.08364489051739474
0.11576120148337021
0.07413450559877681
0.11576120148337021
0.057313269672503955
0.12683793580055883
0.11576120148337021
0.11576120148337021
0.06840794380194448
0.07113557892903002
0.11576120148337021
0.12683793580055883
0.07113557892903002
0.11576120148337021
0.08364489051739474
0.0738719352743259
0.07413450559877681
0.18974901573342784
0.18974901573342784
0.14184780680915865
0.06840794380194448
0.07858728805009896
0.06840794380194448
0.18974901573342784
0.12683793580055883
0.0738719352743259
0.0738719352743259
0.17159212483854827
0.07413450559877681
0.07036833081192684
0.11576120148337021
0.12683793580055883
0.18974901573342784
0.08364489051739474
0.06840794380194448
0.07113557892903002
0.08364489051739474
0.08364489051739474
0.08364489051739474
0.0738719352743259
0.07113557892903002
0.1438145600537798
0.08364489051739474
0.0738719352743259
0.08222276130006939
0.07413450559877681
0.07413450559877681
0.07413450559877681
0.07113557892903002
0.1438145600537798
0.17159212483854827
0.08364489051739474
0.08364489051739474
0.08222276130006939
0.12683793580055883
0.12683793580055883
0.12683793580055883
0.17159212483854827
0.17159212483854827
0.17159212483854827
0.08222276130006939
0.0738719352743259
0.0738719352743259
0.0738719352743259
0.08364489051739474
0.17159212483854827
0.12683793580055883
0.0738719352743259
0.09999364657945678
0.07422962264702528
0.08364489051739474
0.08364489051739474
0.0779284641080644
0.08364489051739474
0.11576120148337021
0.1438145600537798
0.08364489051739474
0.0738719352743259
0.07858728805009896
0.07858728805009896
0.07858728805009896
0.11576120148337021
0.06840794380194448
0.08364489051739474
0.08364489051739474
0.08364489051739474
0.06840794380194448
0.08364489051739474
0.12683793580055883
0.08222276130006939
0.0738719352743259
0.0738719352743259
0.17159212483854827
0.06840794380194448
0.0738719352743259
0.06840794380194448
0.1775596643764948
0.0779284641080644
0.08364489051739474
0.08364489051739474
0.07422962264702528
0.17159212483854827
0.0738719352743259
0.0779284641080644
0.17159212483854827
0.0738719352743259
0.12683793580055883
0.08222276130006939
0.07858728805009896
0.08222276130006939
0.17159212483854827
0.07126073767563837
0.07422962264702528
0.07113557892903002
0.08364489051739474
0.08364489051739474
0.08364489051739474
0.07113557892903002
0.09999364657945678
0.13343917344975897
0.17159212483854827
0.08364489051739474
0.13343917344975897
0.07422962264702528
0.08364489051739474
0.0738719352743259
0.07036833081192684
0.06840794380194448
0.08364489051739474
0.0738719352743259
0.12683793580055883
0.08226655361869929
0.08222276130006939
0.08364489051739474
0.07036833081192684
0.07422962264702528
0.07113557892903002
0.07113557892903002
0.07422962264702528
0.1775596643764948
0.07036833081192684
0.07113557892903002
0.07113557892903002
0.07036833081192684
0.08364489051739474
0.12683793580055883
0.07113557892903002
0.08364489051739474
0.1438145600537798
0.0779284641080644
0.06732597690115312
0.08222276130006939
0.17159212483854827
0.0738719352743259
0.12683793580055883
0.08364489051739474
0.0738719352743259
0.07113557892903002
0.07113557892903002
0.07036833081192684
0.0738719352743259
0.07422962264702528
0.08364489051739474
0.08364489051739474
0.0779284641080644
0.08364489051739474
0.08364489051739474
0.07422962264702528
0.09999364657945678
0.12683793580055883
0.07422962264702528
0.0738719352743259
0.0738719352743259
0.07113557892903002
0.07858728805009896
0.08226655361869929
0.07858728805009896
0.12683793580055883
0.07422962264702528
0.09999364657945678
0.07113557892903002
0.17159212483854827
0.0738719352743259
0.07036833081192684
0.07036833081192684
0.09999364657945678
0.08364489051739474
0.17159212483854827
0.07036833081192684
0.12683793580055883
0.0779284641080644
0.17159212483854827
0.0779284641080644
0.08222276130006939
0.08364489051739474
0.08364489051739474
0.08364489051739474
0.17159212483854827
0.06732597690115312
0.07422962264702528
0.08364489051739474
0.08364489051739474
0.07036833081192684
0.0779284641080644
0.07858728805009896
0.07113557892903002
0.07036833081192684
0.08364489051739474
0.08364489051739474
0.08364489051739474
0.08364489051739474
0.0779284641080644
0.08364489051739474
0.13343917344975897
0.07036833081192684
0.07422962264702528
0.07113557892903002
0.09999364657945678
0.07113557892903002
0.07422962264702528
0.07113557892903002
0.08364489051739474
0.06732597690115312
0.07113557892903002
0.07113557892903002
0.13343917344975897
0.0738719352743259
0.08364489051739474
0.07422962264702528
0.07422962264702528
0.0779284641080644
0.0738719352743259
0.07422962264702528
0.12683793580055883
0.07422962264702528
0.13343917344975897
0.08364489051739474
0.07113557892903002
0.0738719352743259
0.08364489051739474
0.09999364657945678
0.07036833081192684
0.0779284641080644
0.08364489051739474
0.08364489051739474
0.07113557892903002
0.08364489051739474
0.12683793580055883
0.08364489051739474
0.08364489051739474
0.17159212483854827
0.07113557892903002
0.0738719352743259
0.08364489051739474
0.0779284641080644
0.0738719352743259
0.0779284641080644
0.0779284641080644
0.07036833081192684
0.08364489051739474
0.12683793580055883
0.08364489051739474
0.0738719352743259
0.0779284641080644
0.07036833081192684
0.07113557892903002
0.07113557892903002
0.08364489051739474
0.08226655361869929
0.07422962264702528
0.07113557892903002
0.0738719352743259
0.08364489051739474
0.08364489051739474
0.1775596643764948
0.08364489051739474
0.08364489051739474
0.0779284641080644
0.0738719352743259
0.0738719352743259
0.07422962264702528
0.12683793580055883
0.0738719352743259
0.0738719352743259
0.0738719352743259
0.13343917344975897
0.08364489051739474
0.08364489051739474
0.0738719352743259
0.0738719352743259
0.0779284641080644
0.12683793580055883
0.07113557892903002
0.07422962264702528
0.06732597690115312
0.0738719352743259
0.07113557892903002
0.13343917344975897
0.0779284641080644
0.07113557892903002
0.12683793580055883
0.07422962264702528
0.07858728805009896
0.0738719352743259
0.08364489051739474
0.07113557892903002
0.08364489051739474
0.13343917344975897
0.08364489051739474
0.12683793580055883
0.08364489051739474
0.13343917344975897
0.0779284641080644
0.07422962264702528
0.0779284641080644
0.08364489051739474
0.08364489051739474
0.0738719352743259
0.13343917344975897
0.08364489051739474
0.08364489051739474
0.12683793580055883
0.08364489051739474
0.07858728805009896
0.12683793580055883
0.0779284641080644
0.07113557892903002
0.1775596643764948
0.14624865074147705
0.12683793580055883
0.07113557892903002
0.07036833081192684
0.1775596643764948
0.06732597690115312
0.0779284641080644
0.07036833081192684
0.12683793580055883
0.07422962264702528
0.0779284641080644
0.1775596643764948
0.07036833081192684
0.07422962264702528
0.12100969049058379
0.07036833081192684
0.13343917344975897
0.0779284641080644
0.08364489051739474
0.07036833081192684
0.13343917344975897
0.0779284641080644
0.1775596643764948
0.07858728805009896
0.057782284328045
0.07113557892903002
0.07858728805009896
0.08226655361869929
0.06732597690115312
0.07422962264702528
0.10908213313063775
0.1775596643764948
0.08226655361869929
0.07422962264702528
0.06732597690115312
0.13343917344975897
0.06732597690115312
0.13343917344975897
0.07422962264702528
0.0738719352743259
0.07422962264702528
0.07422962264702528
0.057782284328045
0.12185186513605131
0.10794626327438858
0.07113557892903002
0.07113557892903002
0.13343917344975897
0.1775596643764948
0.10794626327438858
0.06880400639433362
0.08226655361869929
0.07036833081192684
0.07274511661187408
0.12100969049058379
0.07036833081192684
0.12100969049058379
0.13343917344975897
0.13343917344975897
0.07036833081192684
0.07422962264702528
