Affinity
0.08819306076951676
0.1348773785993498
0.08819306076951676
0.08607417064084476
0.059564543025671275
0.05684404546515124
0.15325216783465326
0.0703826855532998
0.0703826855532998
0.13368790642621894
0.0778110445992075
0.0778110445992075
0.15325216783465326
0.1506667576830499
0.0778110445992075
0.15325216783465326
0.04835577930228199
0.13645707673791485
0.07960947721953142
0.13603183973956504
0.06412902367994908
0.04835577930228199
0.15325216783465326
0.15325216783465326
0.04835577930228199
0.148174524270941
0.1506667576830499
0.15325216783465326
0.10946775450076243
0.1488211333644158
0.06412902367994908
0.06412902367994908
0.06412902367994908
0.10854414768716869
0.13121023146893515
0.033546059262517094
0.15325216783465326
0.06897077199923367
0.04835577930228199
0.15325216783465326
0.10854414768716869
0.08488127449083732
0.1506667576830499
0.16783092092591503
0.13431393670836855
0.0778110445992075
0.10854414768716869
0.13603183973956504
0.1793839059015912
0.06412902367994908
0.04835577930228199
0.15325216783465326
0.18898645601394787
0.07725050381802949
0.1793839059015912
0.11035999601666746
0.10946775450076243
0.08488127449083732
0.06412902367994908
0.1488211333644158
0.0797537040838159
0.10946775450076243
0.13603183973956504
0.06412902367994908
0.10854414768716869
0.15325216783465326
0.08085089350580706
0.07725050381802949
0.08012441169205707
0.08012441169205707
0.10946775450076243
0.06412902367994908
0.04835577930228199
0.13603183973956504
0.04835577930228199
0.08012441169205707
0.06412902367994908
0.07385935868694624
0.04835577930228199
0.15325216783465326
0.13603183973956504
0.09099711982307035
0.1488211333644158
0.08012441169205707
0.15325216783465326
0.15325216783465326
0.08012441169205707
0.08012441169205707
0.15325216783465326
0.13431393670836855
0.15325216783465326
0.15325216783465326
0.04835577930228199
0.13121023146893515
0.10854414768716869
0.15325216783465326
0.13121023146893515
0.06412902367994908
0.0778110445992075
0.06412902367994908
0.14252316645883079
0.08012441169205707
0.13904959501297537
0.13121023146893515
0.08310294378934442
0.08488127449083732
0.04835577930228199
0.10946775450076243
0.1506667576830499
0.09099711982307035
0.13121023146893515
0.11627861706457254
0.0778110445992075
0.15325216783465326
0.10854414768716869
0.08012441169205707
0.04835577930228199
0.0778110445992075
0.1506667576830499
0.06412902367994908
0.10946775450076243
0.04835577930228199
0.09099711982307035
0.11627861706457254
0.1488211333644158
0.13121023146893515
0.08012441169205707
0.13121023146893515
0.15325216783465326
0.06412902367994908
0.06412902367994908
0.1488211333644158
0.0778110445992075
0.13121023146893515
0.08140946938125972
0.15325216783465326
0.0778110445992075
0.0778110445992075
0.1488211333644158
0.07725050381802949
0.15325216783465326
0.08085089350580706
0.07725050381802949
0.14252316645883079
0.10946775450076243
0.1506667576830499
0.06412902367994908
0.1488211333644158
0.15325216783465326
0.10854414768716869
0.1175427239874951
0.04835577930228199
0.13121023146893515
0.08012441169205707
0.1178592615669796
0.11035999601666746
0.13121023146893515
0.08012441169205707
0.06412902367994908
0.15325216783465326
0.1488211333644158
0.04835577930228199
0.06412902367994908
0.0778110445992075
0.13121023146893515
0.15325216783465326
0.0778110445992075
0.10854414768716869
0.1506667576830499
0.07725050381802949
0.13121023146893515
0.15325216783465326
0.13121023146893515
0.15325216783465326
0.13431393670836855
0.15325216783465326
0.06412902367994908
0.08488127449083732
0.10854414768716869
0.08012441169205707
0.08085089350580706
0.06412902367994908
0.10946775450076243
0.13121023146893515
0.15325216783465326
0.06412902367994908
0.13431393670836855
0.13431393670836855
0.04835577930228199
0.04835577930228199
0.0778110445992075
0.1506667576830499
0.0778110445992075
0.08012441169205707
0.04835577930228199
0.1523976911502821
0.1523976911502821
0.07725050381802949
0.04835577930228199
0.13121023146893515
0.07660293163436915
0.1523976911502821
0.04835577930228199
0.13121023146893515
0.1183498214783664
0.10946775450076243
0.13121023146893515
0.04835577930228199
0.06412902367994908
0.13431393670836855
0.13121023146893515
0.13121023146893515
0.0663993590281835
0.1178592615669796
0.13431393670836855
0.08085089350580706
0.04835577930228199
0.1175427239874951
0.04835577930228199
0.13431393670836855
0.10854414768716869
0.15325216783465326
0.13121023146893515
0.06412902367994908
0.1488211333644158
0.07660293163436915
0.10854414768716869
0.057763943611868686
0.1506667576830499
0.07622944831629988
0.1175427239874951
0.057763943611868686
0.07725050381802949
0.1270253990667719
0.08488127449083732
0.13431393670836855
0.04835577930228199
0.1270253990667719
0.13121023146893515
0.08085089350580706
0.13121023146893515
0.04835577930228199
0.15325216783465326
0.04835577930228199
0.08276605734388116
0.04835577930228199
0.1175427239874951
0.13121023146893515
0.1488211333644158
0.0778110445992075
0.13121023146893515
0.1506667576830499
0.06412902367994908
0.0778110445992075
0.13121023146893515
0.0778110445992075
0.13121023146893515
0.11817357513109275
0.13431393670836855
0.0778110445992075
0.0778110445992075
0.06412902367994908
0.13121023146893515
0.15325216783465326
0.04835577930228199
0.06412902367994908
0.04835577930228199
0.04835577930228199
0.1523976911502821
0.1506667576830499
0.057763943611868686
0.1178592615669796
0.11035999601666746
0.11817357513109275
0.04835577930228199
0.13121023146893515
0.08488127449083732
0.13121023146893515
0.14252316645883079
0.13121023146893515
0.1488211333644158
0.13454797865103088
0.04835577930228199
0.04835577930228199
0.13121023146893515
0.13121023146893515
0.13121023146893515
0.08488127449083732
0.10946775450076243
0.10854414768716869
0.1183498214783664
0.0778110445992075
0.11817357513109275
0.13121023146893515
0.08012441169205707
0.08488127449083732
0.06301482527542884
0.08012441169205707
0.1183498214783664
0.04835577930228199
0.1488211333644158
0.06301482527542884
0.08012441169205707
0.04835577930228199
0.1178592615669796
0.1178592615669796
0.15325216783465326
0.08488127449083732
0.057763943611868686
0.057763943611868686
0.13121023146893515
0.07622944831629988
0.06412902367994908
0.0778110445992075
0.13121023146893515
0.15325216783465326
0.04835577930228199
0.04835577930228199
0.11817357513109275
0.04835577930228199
0.1488211333644158
0.13431393670836855
0.1506667576830499
0.0778110445992075
0.1178592615669796
0.13121023146893515
0.11627861706457254
0.13121023146893515
0.1178592615669796
0.13121023146893515
0.08488127449083732
0.13121023146893515
0.13454797865103088
0.1178592615669796
0.1183498214783664
0.1183498214783664
0.1178592615669796
0.1506667576830499
0.04835577930228199
0.07622944831629988
0.13773274427230686
0.15325216783465326
0.1523976911502821
0.1183498214783664
0.15325216783465326
0.13121023146893515
0.1178592615669796
0.04835577930228199
0.1178592615669796
0.10234349498082201
0.08012441169205707
0.04835577930228199
0.13121023146893515
0.15325216783465326
0.1178592615669796
0.13121023146893515
0.14252316645883079
0.1523976911502821
0.1178592615669796
0.1178592615669796
0.04835577930228199
0.0778110445992075
0.04835577930228199
0.1178592615669796
0.13121023146893515
0.04835577930228199
0.1506667576830499
0.07622944831629988
0.10946775450076243
0.1178592615669796
0.15325216783465326
0.04835577930228199
0.13121023146893515
0.08075900361019744
0.10854414768716869
0.14252316645883079
0.054054970813811776
0.10946775450076243
0.10234349498082201
0.07725050381802949
0.054054970813811776
0.06412902367994908
0.07622944831629988
0.0778110445992075
0.04835577930228199
0.05790439304676587
0.1523976911502821
0.13121023146893515
0.07622944831629988
0.1183498214783664
0.10234349498082201
0.13121023146893515
0.1178592615669796
0.15325216783465326
0.08012441169205707
0.13121023146893515
0.1178592615669796
0.08276605734388116
0.07622944831629988
0.08012441169205707
0.04835577930228199
0.08012441169205707
0.1506667576830499
0.14252316645883079
0.04835577930228199
0.06412902367994908
0.13431393670836855
0.06412902367994908
0.08488127449083732
0.1488211333644158
0.14252316645883079
0.04835577930228199
0.10234349498082201
0.08012441169205707
0.04835577930228199
0.06412902367994908
0.04835577930228199
0.15325216783465326
0.04835577930228199
0.10579998727501151
0.1178592615669796
0.08488127449083732
0.07725050381802949
0.057763943611868686
0.04835577930228199
0.1523976911502821
0.08488127449083732
0.15325216783465326
0.08012441169205707
0.04835577930228199
0.1488211333644158
0.06412902367994908
0.15325216783465326
0.13121023146893515
0.06412902367994908
0.04835577930228199
0.07622944831629988
0.13121023146893515
0.08085089350580706
0.1178592615669796
0.15325216783465326
0.04835577930228199
0.1178592615669796
0.08488127449083732
0.15325216783465326
0.1175427239874951
0.10234349498082201
0.10234349498082201
0.15325216783465326
0.15325216783465326
0.13121023146893515
0.1178592615669796
0.04835577930228199
0.13431393670836855
0.08276605734388116
0.14252316645883079
0.08276605734388116
0.1178592615669796
0.05790439304676587
0.07725050381802949
0.13121023146893515
0.1183498214783664
0.13121023146893515
0.15325216783465326
0.1523976911502821
0.1178592615669796
0.08012441169205707
0.1183498214783664
0.04835577930228199
0.15325216783465326
0.15325216783465326
0.06412902367994908
0.1178592615669796
0.0778110445992075
0.13121023146893515
0.1488211333644158
0.0778110445992075
0.0778110445992075
0.1178592615669796
0.1183498214783664
0.15325216783465326
0.08085089350580706
0.1178592615669796
0.1488211333644158
0.08488127449083732
0.1175427239874951
0.08085089350580706
0.08276605734388116
0.13431393670836855
0.1523976911502821
0.04835577930228199
0.04835577930228199
0.1183498214783664
0.1264073387517187
0.1175427239874951
0.08012441169205707
0.1175427239874951
0.04297256703604416
0.08276605734388116
0.04835577930228199
0.1178592615669796
0.15325216783465326
0.04835577930228199
0.08488127449083732
0.11627861706457254
0.13121023146893515
0.10579998727501151
0.13121023146893515
0.10234349498082201
0.04835577930228199
0.13431393670836855
0.08012441169205707
0.08276605734388116
0.1523976911502821
0.1506667576830499
0.15325216783465326
0.04835577930228199
0.04835577930228199
0.1523976911502821
0.04835577930228199
0.1175427239874951
0.04835577930228199
0.1488211333644158
0.1523976911502821
0.1178592615669796
0.1523976911502821
0.08012441169205707
0.08276605734388116
0.07622944831629988
0.04835577930228199
0.1178592615669796
0.1183498214783664
0.1488211333644158
0.10234726048829297
0.04835577930228199
0.1175427239874951
0.1264073387517187
0.04835577930228199
0.13121023146893515
0.057763943611868686
0.10234349498082201
0.08276605734388116
0.15325216783465326
0.15325216783465326
0.04835577930228199
0.1178592615669796
0.10234349498082201
0.1178592615669796
0.1183498214783664
0.13431393670836855
0.1178592615669796
0.1488211333644158
0.15325216783465326
0.1178592615669796
0.04835577930228199
0.11035999601666746
0.10234349498082201
0.06412902367994908
0.04835577930228199
0.1178592615669796
0.15325216783465326
0.04835577930228199
0.08488127449083732
0.08012441169205707
0.15325216783465326
0.1183498214783664
0.1183498214783664
0.11035999601666746
0.15325216783465326
0.15325216783465326
0.04835577930228199
0.1178592615669796
0.08085089350580706
0.10234349498082201
0.10234349498082201
0.13121023146893515
0.13431393670836855
0.08012441169205707
0.0834462947428985
0.1183498214783664
0.1183498214783664
0.04835577930228199
0.07485143049562018
0.04835577930228199
0.15325216783465326
0.1183498214783664
0.1183498214783664
0.13121023146893515
0.04835577930228199
0.08488127449083732
0.13121023146893515
0.04835577930228199
0.06412902367994908
0.04835577930228199
0.13121023146893515
0.1523976911502821
0.08012441169205707
0.1183498214783664
0.1178592615669796
0.1183498214783664
0.13121023146893515
0.1183498214783664
0.06412902367994908
0.1523976911502821
0.04835577930228199
0.1183498214783664
0.1178592615669796
0.1488211333644158
0.04835577930228199
0.1523976911502821
0.1175427239874951
0.13121023146893515
0.1183498214783664
0.1183498214783664
0.1523976911502821
0.11627861706457254
0.15325216783465326
0.11035999601666746
0.1175427239874951
0.08012441169205707
0.15325216783465326
0.07622944831629988
0.04835577930228199
0.05790439304676587
0.1523976911502821
0.0778110445992075
0.15325216783465326
0.10579998727501151
0.1183498214783664
0.11627861706457254
0.1178592615669796
0.04835577930228199
0.1175427239874951
0.1523976911502821
0.1264073387517187
0.13121023146893515
0.1523976911502821
0.13121023146893515
0.057763943611868686
0.1175427239874951
0.08488127449083732
0.07485143049562018
0.1178592615669796
0.04835577930228199
0.1178592615669796
0.12272399757738328
0.11035999601666746
0.13121023146893515
0.1175427239874951
0.15325216783465326
0.1183498214783664
0.05790439304676587
0.15325216783465326
0.08012441169205707
0.13121023146893515
0.08488127449083732
0.057763943611868686
0.11035999601666746
0.1264073387517187
0.10234349498082201
0.10234349498082201
0.08012441169205707
0.04835577930228199
0.04297256703604416
0.08488127449083732
0.04835577930228199
0.05515658061421801
0.10786586739725197
0.11627861706457254
0.08012441169205707
0.12272399757738328
0.08012441169205707
0.15325216783465326
0.1523976911502821
0.13121023146893515
0.15325216783465326
0.12272399757738328
0.1183498214783664
0.10234349498082201
0.13121023146893515
0.08488127449083732
0.15325216783465326
0.057763943611868686
0.1183498214783664
0.15325216783465326
0.08488127449083732
0.1488211333644158
0.0834462947428985
0.08608481383246762
0.12272399757738328
0.10234349498082201
0.1183498214783664
0.1523976911502821
0.1488211333644158
0.15325216783465326
0.04835577930228199
0.1178592615669796
0.12272399757738328
0.08488127449083732
0.1488211333644158
0.04835577930228199
0.1175427239874951
0.1178592615669796
0.10234349498082201
0.1488211333644158
0.08085089350580706
0.10234349498082201
0.1523976911502821
0.10234349498082201
0.08608481383246762
0.13121023146893515
0.06412902367994908
0.1523976911502821
0.1523976911502821
0.04835577930228199
0.13121023146893515
0.08488127449083732
0.13121023146893515
0.1175427239874951
0.12272399757738328
0.1183498214783664
0.13121023146893515
0.10579998727501151
0.13121023146893515
0.08085089350580706
0.07622944831629988
0.1523976911502821
0.13121023146893515
0.04835577930228199
0.11627861706457254
0.0698611711705181
0.12272399757738328
0.1178592615669796
0.15325216783465326
0.10234349498082201
0.12272399757738328
0.1488211333644158
0.13121023146893515
0.1488211333644158
0.06412902367994908
0.1183498214783664
0.04835577930228199
0.08488127449083732
0.08488127449083732
0.1183498214783664
0.08488127449083732
0.08608481383246762
0.1183498214783664
0.12272399757738328
0.10234349498082201
0.07485143049562018
0.0698611711705181
0.08276605734388116
0.06412902367994908
0.13121023146893515
0.1175427239874951
0.1183498214783664
0.057763943611868686
0.04835577930228199
0.08488127449083732
0.12272399757738328
0.04835577930228199
0.08488127449083732
0.11627861706457254
0.13121023146893515
0.1175427239874951
0.06412902367994908
0.12272399757738328
0.08488127449083732
0.1175427239874951
0.15325216783465326
0.12272399757738328
0.08276605734388116
0.04835577930228199
0.1178592615669796
0.08488127449083732
0.1183498214783664
0.07485143049562018
0.057763943611868686
0.08488127449083732
0.1523976911502821
0.11627861706457254
0.13121023146893515
0.13048461017711246
0.0778110445992075
0.08085089350580706
0.10786586739725197
0.10234349498082201
0.08085089350580706
0.15325216783465326
0.12272399757738328
0.10234349498082201
0.07622944831629988
0.04835577930228199
0.1488211333644158
0.09219693912163318
0.1183498214783664
0.1523976911502821
0.15325216783465326
0.06412902367994908
0.08085089350580706
0.1183498214783664
0.08488127449083732
0.1178592615669796
0.07622944831629988
0.08488127449083732
0.13121023146893515
0.1488211333644158
0.08276605734388116
0.07622944831629988
0.08488127449083732
0.0834462947428985
0.1523976911502821
0.08488127449083732
0.08608481383246762
0.10234349498082201
0.08085089350580706
0.10896828834917513
0.030225562411713862
0.15325216783465326
0.1183498214783664
0.15325216783465326
0.13431393670836855
0.08488127449083732
0.1523976911502821
0.08488127449083732
0.06412902367994908
0.12272399757738328
0.1178592615669796
0.1488211333644158
0.1178592615669796
0.08085089350580706
0.04835577930228199
0.15325216783465326
0.15325216783465326
0.13121023146893515
0.08085089350580706
0.13121023146893515
0.1175427239874951
0.15325216783465326
0.08276605734388116
0.10234349498082201
0.13121023146893515
0.1178592615669796
0.1523976911502821
0.09219693912163318
0.11627861706457254
0.08276605734388116
0.11627861706457254
0.13121023146893515
0.07004150582863558
0.10234349498082201
0.1175427239874951
0.08488127449083732
0.08085089350580706
0.1488211333644158
0.1178592615669796
0.1183498214783664
0.07622944831629988
0.1488211333644158
0.1178592615669796
0.1178592615669796
0.13431393670836855
0.07004150582863558
0.11080703017330894
0.10579998727501151
0.11627861706457254
0.10234349498082201
0.0834462947428985
0.08085089350580706
0.10579998727501151
0.1488211333644158
0.1488211333644158
0.10579998727501151
0.12272399757738328
0.05790439304676587
0.13121023146893515
0.08488127449083732
0.1183498214783664
0.10579998727501151
0.15325216783465326
0.1488211333644158
0.13121023146893515
0.10234349498082201
0.08085089350580706
0.08608481383246762
0.08608481383246762
0.1488211333644158
0.1523976911502821
0.08276605734388116
0.08085089350580706
0.06412902367994908
0.08608481383246762
0.12272399757738328
0.15325216783465326
0.04835577930228199
0.08608481383246762
0.10579998727501151
0.1488211333644158
0.05790439304676587
0.10234349498082201
0.15325216783465326
0.057763943611868686
0.08608481383246762
0.12272399757738328
0.1523976911502821
0.08488127449083732
0.08488127449083732
0.057763943611868686
0.06412902367994908
0.13121023146893515
0.08608481383246762
0.10234349498082201
0.11627861706457254
0.15325216783465326
0.15325216783465326
0.10234349498082201
0.10234349498082201
0.11627861706457254
0.057763943611868686
0.1523976911502821
0.1178592615669796
0.04835577930228199
0.08822234216887702
0.12272399757738328
0.07622944831629988
0.10234349498082201
0.08488127449083732
0.15325216783465326
0.13121023146893515
0.1183498214783664
0.13121023146893515
0.1523976911502821
0.1178592615669796
0.13121023146893515
0.12272399757738328
0.1523976911502821
0.15325216783465326
0.1183498214783664
0.057763943611868686
0.13121023146893515
0.1183498214783664
0.08488127449083732
0.08488127449083732
0.13121023146893515
0.15325216783465326
0.13121023146893515
0.09219693912163318
0.1523976911502821
0.10234349498082201
0.08488127449083732
0.12272399757738328
0.10234349498082201
0.05790439304676587
0.15325216783465326
0.1523976911502821
0.10234349498082201
0.08488127449083732
0.10579998727501151
0.10579998727501151
0.08488127449083732
0.05790439304676587
0.1380330551889977
0.11627861706457254
0.05790439304676587
0.12272399757738328
0.11627861706457254
0.1175427239874951
0.11080703017330894
0.08488127449083732
0.04835577930228199
0.08488127449083732
0.10579998727501151
0.15325216783465326
0.05790439304676587
0.08488127449083732
0.08276605734388116
0.08488127449083732
0.1523976911502821
0.08488127449083732
0.1523976911502821
0.05790439304676587
0.1178592615669796
0.11627861706457254
0.13121023146893515
0.08276605734388116
0.13121023146893515
0.1178592615669796
0.08822234216887702
0.10896828834917513
0.1523976911502821
0.12272399757738328
0.08608481383246762
0.08276605734388116
0.10579998727501151
0.08276605734388116
0.13121023146893515
0.1523976911502821
0.11627861706457254
0.13121023146893515
0.07004150582863558
0.13121023146893515
0.08085089350580706
0.13121023146893515
0.057763943611868686
0.10234349498082201
0.08488127449083732
0.12272399757738328
0.1380330551889977
0.1183498214783664
0.1523976911502821
0.10896828834917513
0.09219693912163318
0.08276605734388116
0.08276605734388116
0.13121023146893515
0.1523976911502821
0.1178592615669796
0.1175427239874951
0.12272399757738328
0.1183498214783664
0.10545094249631946
0.10234349498082201
0.11080703017330894
0.17029895310646112
0.12272399757738328
0.1523976911502821
0.13121023146893515
0.1523976911502821
0.08608481383246762
0.0834462947428985
0.08608481383246762
0.11627861706457254
0.10579998727501151
0.1523976911502821
0.10234349498082201
0.10579998727501151
0.08488127449083732
0.10579998727501151
0.1523976911502821
0.08085089350580706
0.10579998727501151
0.10234349498082201
0.1523976911502821
0.0834462947428985
0.11627861706457254
0.12272399757738328
0.08276605734388116
0.029809892317680633
0.08488127449083732
0.10234349498082201
0.08488127449083732
0.0834462947428985
0.05790439304676587
0.11080703017330894
0.12272399757738328
0.07004150582863558
0.0834462947428985
0.0834462947428985
0.08085089350580706
0.1523976911502821
0.057763943611868686
0.12272399757738328
0.10579998727501151
0.1183498214783664
0.12272399757738328
0.1175427239874951
0.1183498214783664
0.1175427239874951
0.1175427239874951
0.08608481383246762
0.07004150582863558
0.08276605734388116
0.08488127449083732
0.12272399757738328
0.08608481383246762
0.07004150582863558
0.10234349498082201
0.11080703017330894
0.1380330551889977
0.12272399757738328
0.057763943611868686
0.11627861706457254
0.1200463101335052
0.12272399757738328
0.10579998727501151
0.12272399757738328
0.12272399757738328
0.08822234216887702
0.0834462947428985
0.1183498214783664
0.12272399757738328
0.08608481383246762
0.12272399757738328
0.1183498214783664
0.08276605734388116
0.10896828834917513
0.057763943611868686
0.1183498214783664
0.1380330551889977
0.1183498214783664
0.1380330551889977
0.08028021450414614
0.1523976911502821
0.12272399757738328
0.1178592615669796
0.12272399757738328
0.07004150582863558
0.1523976911502821
0.1183498214783664
0.08028021450414614
0.08608481383246762
0.07004150582863558
0.1523976911502821
0.13001224177095566
0.13001224177095566
0.13001224177095566
0.12272399757738328
0.07857070368993445
0.1380330551889977
0.1178592615669796
0.05790439304676587
0.08085089350580706
0.12272399757738328
0.1380330551889977
0.13001224177095566
0.09219693912163318
0.12272399757738328
0.05790439304676587
0.08608481383246762
0.1380330551889977
0.12272399757738328
0.13001224177095566
0.117221708714666
0.05790439304676587
0.0834462947428985
0.05790439304676587
0.1380330551889977
0.10579998727501151
0.08488127449083732
0.13121023146893515
0.1380330551889977
0.05790439304676587
0.1380330551889977
0.05790439304676587
0.08028021450414614
0.0834462947428985
0.1183498214783664
0.13001224177095566
0.07004150582863558
0.11627861706457254
0.10579998727501151
0.1380330551889977
0.05790439304676587
0.05790439304676587
0.08608481383246762
0.10579998727501151
0.12272399757738328
0.08608481383246762
0.12272399757738328
0.08608481383246762
0.09219693912163318
0.1321921853969942
0.12272399757738328
0.07004150582863558
0.11627861706457254
0.10579998727501151
0.1380330551889977
0.13001224177095566
0.10579998727501151
0.08276605734388116
0.11627861706457254
0.12272399757738328
0.1523976911502821
0.08608481383246762
0.08608481383246762
0.12272399757738328
0.08608481383246762
0.117221708714666
0.10579998727501151
0.10545094249631946
0.08608481383246762
0.10896828834917513
0.0834462947428985
0.10579998727501151
0.05790439304676587
0.1321921853969942
0.08608481383246762
0.05790439304676587
0.12272399757738328
0.12272399757738328
0.12272399757738328
0.05790439304676587
0.12272399757738328
0.10545094249631946
0.10896828834917513
0.08085089350580706
0.10579998727501151
0.09138052245689453
0.05790439304676587
0.05790439304676587
0.10896828834917513
0.08608481383246762
0.10545094249631946
0.12272399757738328
0.08608481383246762
0.08608481383246762
0.05790439304676587
0.08085089350580706
0.10545094249631946
0.10545094249631946
0.08028021450414614
0.040425357570549
0.11080703017330894
0.12272399757738328
0.08608481383246762
0.08608481383246762
0.11627861706457254
0.0963255022168589
0.07004150582863558
0.07004150582863558
0.12272399757738328
0.08608481383246762
0.08276605734388116
0.08608481383246762
0.0963255022168589
0.1183498214783664
0.1321921853969942
0.05790439304676587
0.0963255022168589
0.11627861706457254
0.08028021450414614
0.05790439304676587
0.08276605734388116
0.1380330551889977
0.13001224177095566
0.12272399757738328
0.12272399757738328
0.0814429183459775
0.05790439304676587
0.08608481383246762
0.11669199013990923
0.1523976911502821
0.10579998727501151
0.0814429183459775
0.05790439304676587
0.12272399757738328
0.12272399757738328
0.1523976911502821
0.1523976911502821
0.12272399757738328
0.05790439304676587
0.12272399757738328
0.10896828834917513
0.08028021450414614
0.08276605734388116
0.08608481383246762
0.05790439304676587
0.07704163742103834
0.07857070368993445
0.12272399757738328
0.10545094249631946
0.11080703017330894
0.10545094249631946
0.05790439304676587
0.10545094249631946
0.11627861706457254
0.1183498214783664
0.07004150582863558
0.11627861706457254
0.08608481383246762
0.11627861706457254
0.1380330551889977
0.1380330551889977
0.10896828834917513
0.1380330551889977
0.13001224177095566
0.12272399757738328
0.1523976911502821
0.05579648131122674
0.08085089350580706
0.07004150582863558
0.07857070368993445
0.07857070368993445
0.08276605734388116
0.05790439304676587
0.10545094249631946
0.12272399757738328
0.07704163742103834
0.07704163742103834
0.12272399757738328
0.11080703017330894
0.09219693912163318
0.1380330551889977
0.15559886085891753
0.1523976911502821
0.15559886085891753
0.11627861706457254
0.1523976911502821
0.07004150582863558
0.12272399757738328
0.1183498214783664
0.05790439304676587
0.1380330551889977
0.08028021450414614
0.09219693912163318
0.15559886085891753
0.11080703017330894
0.1183498214783664
0.11627861706457254
0.1380330551889977
0.07004150582863558
0.1380330551889977
0.08608481383246762
0.08276605734388116
0.12272399757738328
0.11080703017330894
0.09219693912163318
0.07004150582863558
0.10579998727501151
0.1523976911502821
0.10579998727501151
0.10579998727501151
0.0814429183459775
0.11080703017330894
0.117221708714666
0.07004150582863558
0.1523976911502821
0.1380330551889977
0.12272399757738328
0.11080703017330894
0.10896828834917513
0.09219693912163318
0.13001224177095566
0.1380330551889977
0.1380330551889977
0.11627861706457254
0.10545094249631946
0.1380330551889977
0.1380330551889977
0.05790439304676587
0.10896828834917513
0.10545094249631946
0.10896828834917513
0.11627861706457254
0.10579998727501151
0.10579998727501151
0.08608481383246762
0.13001224177095566
0.12272399757738328
0.0963255022168589
0.10545094249631946
0.10545094249631946
0.11476948687853793
0.1380330551889977
0.0963255022168589
0.10545094249631946
0.05790439304676587
0.10896828834917513
0.09936655367347152
0.1380330551889977
0.1380330551889977
0.0814429183459775
0.10545094249631946
0.07704163742103834
0.05758577294806114
0.08028021450414614
0.05790439304676587
0.05579648131122674
0.10545094249631946
0.10579998727501151
0.05579648131122674
0.08608481383246762
0.11080703017330894
0.08608481383246762
0.08118544381428505
0.07704163742103834
0.10545094249631946
0.117221708714666
0.10579998727501151
0.08608481383246762
0.08608481383246762
0.10545094249631946
0.08608481383246762
0.08608481383246762
0.0814429183459775
0.12272399757738328
0.09936655367347152
0.07704163742103834
0.05790439304676587
0.1380330551889977
0.1380330551889977
0.05790439304676587
0.1380330551889977
0.05790439304676587
0.10579998727501151
0.1380330551889977
0.08028021450414614
0.11669199013990923
0.0963255022168589
0.1380330551889977
0.1380330551889977
0.10896828834917513
0.08623275397334684
0.10545094249631946
0.10317854389085948
0.13001224177095566
0.1380330551889977
0.1523976911502821
0.08608481383246762
0.05790439304676587
0.12069357443610035
0.10545094249631946
0.12587303341684183
0.117221708714666
0.10579998727501151
0.05579648131122674
0.06185526869343689
0.06387396809547756
0.1380330551889977
0.1380330551889977
0.13001224177095566
0.06185526869343689
0.1380330551889977
0.15559886085891753
0.07004150582863558
0.1380330551889977
0.08028021450414614
0.08118544381428505
0.11080703017330894
0.11476948687853793
0.08608481383246762
0.1380330551889977
0.05758577294806114
0.117221708714666
0.11080703017330894
0.117221708714666
0.08608481383246762
0.0757940075435966
0.09483717694838943
0.1380330551889977
0.11627861706457254
0.09960830162216237
0.1380330551889977
0.10896828834917513
0.11669199013990923
0.10545094249631946
0.10896828834917513
0.11669199013990923
0.1380330551889977
0.0814429183459775
0.12272399757738328
0.13001224177095566
0.11476948687853793
0.08028021450414614
0.11476948687853793
0.0814429183459775
0.10545094249631946
0.12272399757738328
0.05758577294806114
0.10317854389085948
0.08028021450414614
0.08295106827403713
0.12069357443610035
0.10896828834917513
0.11669199013990923
0.117221708714666
0.10317854389085948
0.1380330551889977
0.11080703017330894
0.08608481383246762
0.10896828834917513
0.07704163742103834
0.1380330551889977
0.10545094249631946
0.08028021450414614
0.10545094249631946
0.11476948687853793
0.06982185776440768
0.11476948687853793
0.1380330551889977
0.12272399757738328
0.12069357443610035
0.08028021450414614
0.11476948687853793
0.08608481383246762
0.10896828834917513
0.10545094249631946
0.12272399757738328
0.10896828834917513
0.11476948687853793
0.10545094249631946
0.12272399757738328
0.05758577294806114
0.06185526869343689
0.06185526869343689
0.05758577294806114
0.08608481383246762
0.06185526869343689
0.05758577294806114
0.07004150582863558
0.11476948687853793
0.06982185776440768
0.09483717694838943
0.117221708714666
0.1380330551889977
0.117221708714666
0.05758577294806114
0.11476948687853793
0.07004150582863558
0.12069357443610035
0.0843519020572245
0.1238559933273689
0.13001224177095566
0.11669199013990923
0.12069357443610035
0.08608481383246762
0.117221708714666
0.07004150582863558
0.11476948687853793
0.15559886085891753
0.06915142240728821
0.1380330551889977
0.06387396809547756
0.06387396809547756
0.10545094249631946
0.09483717694838943
0.10545094249631946
0.11476948687853793
0.08028021450414614
0.08608481383246762
0.11476948687853793
0.11669199013990923
0.08608481383246762
0.10545094249631946
0.06387396809547756
0.117221708714666
0.11476948687853793
0.06387396809547756
0.1380330551889977
0.10545094249631946
0.05579648131122674
0.11669199013990923
0.11476948687853793
0.08623275397334684
0.12069357443610035
0.15559886085891753
0.05758577294806114
0.1380330551889977
0.08118544381428505
0.11476948687853793
0.09504030535440418
0.10545094249631946
0.06387396809547756
0.07704163742103834
0.09483717694838943
0.12069357443610035
0.10545094249631946
0.05579648131122674
0.11669199013990923
0.13001224177095566
0.08623275397334684
0.05758577294806114
0.05758577294806114
0.13309293047711715
0.1380330551889977
0.1380330551889977
0.13309293047711715
0.05758577294806114
0.09483717694838943
0.09483717694838943
0.12069357443610035
0.1380330551889977
0.05579648131122674
0.11669199013990923
0.08222910331329239
0.06387396809547756
0.11669199013990923
0.06387396809547756
0.11476948687853793
0.09483717694838943
0.08608481383246762
0.117221708714666
0.11669199013990923
0.08118544381428505
0.09791703757120307
0.1380330551889977
0.0814429183459775
0.08608481383246762
0.1380330551889977
0.10545094249631946
0.05758577294806114
0.11669199013990923
0.05758577294806114
0.05758577294806114
0.06185526869343689
0.10545094249631946
0.05758577294806114
0.09791703757120307
0.12069357443610035
0.13309293047711715
0.11669199013990923
0.11669199013990923
0.11669199013990923
0.05758577294806114
0.05579648131122674
0.09483717694838943
0.09286276452766506
0.08118544381428505
0.09483717694838943
0.07004150582863558
0.06387396809547756
0.10545094249631946
0.11476948687853793
0.09286276452766506
0.07704163742103834
0.08608481383246762
0.1380330551889977
0.0814429183459775
0.05579648131122674
0.11669199013990923
0.1380330551889977
0.08118544381428505
0.11476948687853793
0.10545094249631946
0.08608481383246762
0.08623275397334684
0.06387396809547756
0.06387396809547756
0.12069357443610035
0.11476948687853793
0.11476948687853793
0.10545094249631946
0.08623275397334684
0.08608481383246762
0.06915142240728821
0.0814429183459775
0.11669199013990923
0.06915142240728821
0.07704163742103834
0.035615333284947384
0.09286276452766506
0.1380330551889977
0.13309293047711715
0.08608481383246762
0.06387396809547756
0.09286276452766506
0.08608481383246762
0.06387396809547756
0.05758577294806114
0.07879096058919188
0.06185526869343689
0.07879096058919188
0.0814429183459775
0.11669199013990923
0.058323233263890675
0.13001224177095566
0.08623275397334684
0.08608481383246762
0.11476948687853793
0.10545094249631946
0.1380330551889977
0.1380330551889977
0.11476948687853793
0.10545094249631946
0.05758577294806114
0.05758577294806114
0.11476948687853793
0.06185526869343689
0.08623275397334684
0.11669199013990923
0.06387396809547756
0.09286276452766506
0.09483717694838943
0.08623275397334684
0.12069357443610035
0.06185526869343689
0.11476948687853793
0.09286276452766506
0.058323233263890675
0.13001224177095566
0.11669199013990923
0.06387396809547756
0.13001224177095566
0.12069357443610035
0.07879096058919188
0.058323233263890675
0.09286276452766506
0.09147118583543469
0.09483717694838943
0.05579648131122674
0.10545094249631946
0.0814429183459775
0.05579648131122674
0.12069357443610035
0.09286276452766506
0.09483717694838943
0.07704163742103834
0.05758577294806114
0.06185526869343689
0.05579648131122674
0.05758577294806114
0.06387396809547756
0.10545094249631946
0.06185526869343689
0.09483717694838943
0.06744160694989217
0.13309293047711715
0.05579648131122674
0.06387396809547756
0.05758577294806114
0.06185526869343689
0.0814429183459775
0.05579648131122674
0.11476948687853793
0.05758577294806114
0.07879096058919188
0.11476948687853793
0.06185526869343689
0.05758577294806114
0.1380330551889977
0.09483717694838943
0.10545094249631946
0.06185526869343689
0.1380330551889977
0.09483717694838943
0.0814429183459775
0.12069357443610035
0.058323233263890675
0.13001224177095566
0.0889815042973226
0.08028021450414614
0.05579648131122674
0.05758577294806114
0.07879096058919188
0.09286276452766506
0.0814429183459775
0.13001224177095566
0.06185526869343689
0.06387396809547756
0.08623275397334684
0.13001224177095566
0.06185526869343689
0.09286276452766506
0.09286276452766506
0.29921526974534607
0.09286276452766506
0.06185526869343689
0.09483717694838943
0.0814429183459775
0.11669199013990923
0.12069357443610035
0.05758577294806114
0.09483717694838943
0.09483717694838943
0.12069357443610035
0.06185526869343689
0.09483717694838943
0.0814429183459775
0.06744160694989217
0.11476948687853793
0.08434203483801903
0.0814429183459775
0.11476948687853793
0.07231450437161469
0.05758577294806114
0.09286276452766506
0.0814429183459775
0.0889815042973226
0.08623275397334684
0.06744160694989217
0.05758577294806114
0.05758577294806114
0.13001224177095566
0.10545094249631946
0.09510261796470548
0.0814429183459775
0.12069357443610035
0.09286276452766506
0.05579648131122674
0.1380330551889977
0.09483717694838943
0.09483717694838943
0.09286276452766506
0.11476948687853793
0.05758577294806114
0.09286276452766506
0.12069357443610035
0.05758577294806114
0.09483717694838943
0.05758577294806114
0.14743603482442966
0.08623275397334684
0.06185526869343689
0.12069357443610035
0.08623275397334684
0.14514840705148507
0.08623275397334684
0.11476948687853793
0.10545094249631946
0.09483717694838943
0.0839617799588366
0.06185526869343689
0.11476948687853793
0.058323233263890675
0.08623275397334684
0.09483717694838943
0.06185526869343689
0.0814429183459775
0.09286276452766506
0.05579648131122674
0.09286276452766506
0.09510261796470548
0.11476948687853793
0.29921526974534607
0.12069357443610035
0.08343705207038506
0.06387396809547756
0.05758577294806114
0.0814429183459775
0.09483717694838943
0.10545094249631946
0.11476948687853793
0.05758577294806114
0.08623275397334684
0.0839617799588366
0.12069357443610035
0.0839617799588366
0.09483717694838943
0.06387396809547756
0.06185526869343689
0.06744160694989217
0.08623275397334684
0.0814429183459775
0.09510261796470548
0.0933526863512455
0.06185526869343689
0.09483717694838943
0.10545094249631946
0.09483717694838943
0.10545094249631946
0.0933526863512455
0.0814429183459775
0.06185526869343689
0.07231450437161469
0.0814429183459775
0.058323233263890675
0.09483717694838943
0.0933526863512455
0.0814429183459775
0.0814429183459775
0.1380330551889977
0.0814429183459775
0.08343705207038506
0.12069357443610035
0.0839617799588366
0.06185526869343689
0.12069357443610035
0.06185526869343689
0.0974716764339119
0.0814429183459775
0.09483717694838943
0.05579648131122674
0.0974716764339119
0.09483717694838943
0.08211033487816613
0.09510261796470548
0.08211033487816613
0.12069357443610035
0.07231450437161469
0.12499566134872199
0.08623275397334684
0.11476948687853793
0.10545094249631946
0.09483717694838943
0.07005747385385296
0.08623275397334684
0.06185526869343689
0.12069357443610035
0.05758577294806114
0.09483717694838943
0.10545094249631946
0.09483717694838943
0.29921526974534607
0.06185526869343689
0.09483717694838943
0.05056848126010951
0.09483717694838943
0.09483717694838943
0.10545094249631946
0.09483717694838943
0.12069357443610035
0.11476948687853793
0.05758577294806114
0.0933526863512455
0.09510261796470548
0.09483717694838943
0.0814429183459775
0.0974716764339119
0.08343705207038506
0.10545094249631946
0.12499566134872199
0.09483717694838943
0.12069357443610035
0.05579648131122674
0.09510261796470548
0.14514840705148507
0.10510638986235626
0.05758577294806114
0.11476948687853793
0.12069357443610035
0.06185526869343689
0.09483717694838943
0.08623275397334684
0.06744160694989217
0.12069357443610035
0.09483717694838943
0.0889815042973226
0.06387396809547756
0.05758577294806114
0.12069357443610035
0.05758577294806114
0.09286276452766506
0.12069357443610035
0.06744160694989217
0.0814429183459775
0.0933526863512455
0.06744160694989217
0.06744160694989217
0.06744160694989217
0.25783941289196216
0.12069357443610035
0.06941210431773309
0.06941210431773309
0.14786323831431905
0.08546638439602892
0.12069357443610035
0.08416251158958098
0.05758577294806114
0.05758577294806114
0.05758577294806114
0.05758577294806114
0.10545094249631946
0.05758577294806114
0.14514840705148507
0.12069357443610035
0.12069357443610035
0.12069357443610035
0.09483717694838943
0.06185526869343689
0.12069357443610035
0.06185526869343689
0.08584439516211552
0.09483717694838943
0.0839617799588366
0.06185526869343689
0.10545094249631946
0.06387396809547756
0.13309293047711715
0.06387396809547756
0.08584439516211552
0.13001224177095566
0.12069357443610035
0.0814429183459775
0.06387396809547756
0.16754500746274625
0.05758577294806114
0.08416251158958098
0.13001224177095566
0.06941210431773309
0.05758577294806114
0.11476948687853793
0.13309293047711715
0.05758577294806114
0.05758577294806114
0.06185526869343689
0.08623275397334684
0.06941210431773309
0.0889815042973226
0.10872817834336251
0.058323233263890675
0.06941210431773309
0.13309293047711715
0.08416251158958098
0.08623275397334684
0.05758577294806114
0.09483717694838943
0.0962467412673605
0.09510261796470548
0.09286276452766506
0.12069357443610035
0.12069357443610035
0.06185526869343689
0.09483717694838943
0.10545094249631946
0.13309293047711715
0.08416251158958098
0.058323233263890675
0.06185526869343689
0.11476948687853793
0.0814429183459775
0.09483717694838943
0.05758577294806114
0.0839617799588366
0.06185526869343689
0.13309293047711715
0.09483717694838943
0.06387396809547756
0.06185526869343689
0.06185526869343689
0.12069357443610035
0.13309293047711715
0.13309293047711715
0.0839617799588366
0.058323233263890675
0.09483717694838943
0.09483717694838943
0.09483717694838943
0.12069357443610035
0.0814429183459775
0.06185526869343689
0.12373488950907609
0.05758577294806114
0.07269978292009026
0.05758577294806114
0.12499566134872199
0.12499566134872199
0.0839617799588366
0.058323233263890675
0.06941210431773309
0.05425526059482383
0.06941210431773309
0.13001224177095566
0.0974716764339119
0.12069357443610035
0.06941210431773309
0.06185526869343689
0.09510261796470548
0.0814429183459775
0.06941210431773309
0.09483717694838943
0.0839617799588366
0.05758577294806114
0.09483717694838943
0.14514840705148507
0.0814429183459775
0.12069357443610035
0.13309293047711715
0.13309293047711715
0.06185526869343689
0.05758577294806114
0.09483717694838943
0.05758577294806114
0.058323233263890675
0.09483717694838943
0.12069357443610035
0.06185526869343689
0.05758577294806114
0.16754500746274625
0.06941210431773309
0.12069357443610035
0.06185526869343689
0.13309293047711715
0.08623275397334684
0.0814429183459775
0.06185526869343689
0.05758577294806114
0.05425526059482383
0.12069357443610035
0.0814429183459775
0.06941210431773309
0.05758577294806114
0.09483717694838943
0.04599757484247312
0.058323233263890675
0.25783941289196216
0.0974716764339119
0.12373488950907609
0.16754500746274625
0.06185526869343689
0.12373488950907609
0.0974716764339119
0.06185526869343689
0.09483717694838943
0.0839617799588366
0.06185526869343689
0.13309293047711715
0.09483717694838943
0.25783941289196216
0.05758577294806114
0.09483717694838943
0.25783941289196216
0.12069357443610035
0.12069357443610035
0.05758577294806114
0.13309293047711715
0.06185526869343689
0.25783941289196216
0.06387396809547756
0.058323233263890675
0.058323233263890675
0.12373488950907609
0.12069357443610035
0.058323233263890675
0.058323233263890675
0.06185526869343689
0.08416251158958098
0.12069357443610035
0.12069357443610035
0.06185526869343689
0.09483717694838943
0.08576490969015252
0.12069357443610035
0.058323233263890675
0.12069357443610035
0.06185526869343689
0.06185526869343689
0.0974716764339119
0.0814429183459775
0.06185526869343689
0.058323233263890675
0.06387396809547756
0.09483717694838943
0.047704475742824444
0.058323233263890675
0.06941210431773309
0.0974716764339119
0.058323233263890675
0.0814429183459775
0.12069357443610035
0.0814429183459775
0.10872817834336251
0.06941210431773309
0.06941210431773309
0.06387396809547756
0.06185526869343689
0.05758577294806114
0.08416251158958098
0.13001224177095566
0.12069357443610035
0.10872817834336251
0.06941210431773309
0.06185526869343689
0.06941210431773309
0.06387396809547756
0.0889815042973226
0.06185526869343689
0.12069357443610035
0.13001224177095566
0.06941210431773309
0.0889815042973226
0.0814429183459775
0.08416251158958098
0.12373488950907609
0.06185526869343689
0.06387396809547756
0.12069357443610035
0.0974716764339119
0.0814429183459775
0.12373488950907609
0.058323233263890675
0.08416251158958098
0.04650469620604342
0.0889815042973226
0.0974716764339119
0.06185526869343689
0.058323233263890675
0.07832191522828476
0.039140794368654336
0.0974716764339119
0.06941210431773309
0.10872817834336251
0.0974716764339119
0.06450328828230344
0.06941210431773309
0.04650469620604342
0.12069357443610035
0.13001224177095566
0.06941210431773309
0.12069357443610035
0.06450328828230344
0.09483717694838943
0.06450328828230344
0.12373488950907609
0.12069357443610035
0.0889815042973226
0.06941210431773309
0.12069357443610035
0.0974716764339119
0.12373488950907609
0.0974716764339119
0.12373488950907609
0.13633567362118593
0.12373488950907609
0.12069357443610035
0.12373488950907609
0.12373488950907609
0.0889815042973226
0.12069357443610035
0.05758577294806114
0.06941210431773309
0.0889815042973226
0.0814429183459775
0.06387396809547756
0.06941210431773309
0.06941210431773309
0.06941210431773309
0.058323233263890675
0.13001224177095566
0.13633567362118593
0.06941210431773309
0.06941210431773309
0.06840712499349867
0.06941210431773309
0.0814429183459775
0.06941210431773309
0.12373488950907609
0.0974716764339119
0.12069357443610035
0.08416251158958098
0.12069357443610035
0.12373488950907609
0.10872817834336251
0.06941210431773309
0.06941210431773309
0.12373488950907609
0.12373488950907609
0.25783941289196216
0.0974716764339119
0.06941210431773309
0.12373488950907609
0.11882497201408841
0.07832191522828476
0.058323233263890675
0.06941210431773309
0.12373488950907609
0.14514840705148507
0.06941210431773309
0.08416251158958098
0.0889815042973226
0.06941210431773309
0.10109928129036605
0.14514840705148507
0.06941210431773309
0.12069357443610035
0.0889815042973226
0.12373488950907609
0.06941210431773309
0.0889815042973226
0.12373488950907609
0.19061010624063454
0.11882497201408841
0.19061010624063454
0.14514840705148507
0.07832191522828476
0.20316011601195708
0.0974716764339119
0.07832191522828476
0.06941210431773309
0.19061010624063454
0.06941210431773309
0.0974716764339119
0.12373488950907609
0.12373488950907609
0.11325606305208417
0.12041665853734161
0.13633567362118593
0.0889815042973226
0.06941210431773309
0.06941210431773309
0.07832191522828476
0.1358110290480294
0.06941210431773309
0.0974716764339119
0.0974716764339119
0.0974716764339119
0.0889815042973226
0.06941210431773309
0.06941210431773309
0.06941210431773309
0.12373488950907609
0.12069357443610035
0.14514840705148507
0.058323233263890675
0.06941210431773309
0.06941210431773309
0.14706408102884574
0.08968179647447228
0.0974716764339119
0.12069357443610035
0.08968179647447228
0.13633567362118593
0.06941210431773309
0.07832191522828476
0.06941210431773309
0.12373488950907609
0.12069357443610035
0.03518739583548847
0.12373488950907609
0.14514840705148507
0.06941210431773309
0.06450328828230344
0.0889815042973226
0.07832191522828476
0.10109928129036605
0.13633567362118593
0.13633567362118593
0.06941210431773309
0.13003700554481243
0.12373488950907609
0.0888908188554226
0.08968179647447228
0.07408011198694336
0.0889815042973226
0.07832191522828476
0.06941210431773309
0.10109928129036605
0.14706408102884574
0.06941210431773309
0.0974716764339119
0.06941210431773309
0.08968179647447228
0.10419567478688002
0.14706408102884574
0.07832191522828476
0.0889815042973226
0.0974716764339119
0.06941210431773309
0.06941210431773309
0.06941210431773309
0.06450328828230344
0.12373488950907609
0.07832191522828476
0.0974716764339119
0.06941210431773309
0.06941210431773309
0.12373488950907609
0.07832191522828476
0.08968179647447228
0.06941210431773309
0.06941210431773309
0.09233702085844592
0.12373488950907609
0.06450328828230344
0.06941210431773309
0.12373488950907609
0.07832191522828476
0.0889815042973226
0.06941210431773309
0.12069357443610035
0.07832191522828476
0.14514840705148507
0.07832191522828476
0.07832191522828476
0.12373488950907609
0.07832191522828476
0.10872817834336251
0.06941210431773309
0.06941210431773309
0.10109928129036605
0.14706408102884574
0.11325606305208417
0.11707658809500378
0.0889815042973226
0.25783941289196216
0.0889815042973226
0.12373488950907609
0.0974716764339119
0.13633567362118593
0.12041665853734161
0.10109928129036605
0.0974716764339119
0.10109928129036605
0.0889815042973226
0.13633567362118593
0.06941210431773309
0.06941210431773309
0.12041665853734161
0.08968179647447228
0.12069357443610035
0.07832191522828476
0.09233702085844592
0.13370850966598835
0.17002445905282415
0.13370850966598835
0.06941210431773309
0.0974716764339119
0.12373488950907609
0.0889815042973226
0.19061010624063454
0.05501423158536513
0.25783941289196216
0.0889815042973226
0.1358110290480294
0.0974716764339119
0.14514840705148507
0.10109928129036605
0.13633567362118593
0.10109928129036605
0.14706408102884574
0.06450328828230344
0.06941210431773309
0.13633567362118593
0.06941210431773309
0.0974716764339119
0.0889815042973226
0.07832191522828476
0.19061010624063454
0.13370850966598835
0.25783941289196216
0.14514840705148507
0.08968179647447228
0.14706408102884574
0.12041665853734161
0.058323233263890675
0.13370850966598835
0.06941210431773309
0.0889815042973226
0.0889815042973226
0.12041665853734161
0.06450328828230344
0.0974716764339119
0.14706408102884574
0.14706408102884574
0.14706408102884574
0.11325606305208417
0.058946857207508765
0.12041665853734161
0.11325606305208417
0.06941210431773309
0.06941210431773309
0.07832191522828476
0.03996922282257056
0.11325606305208417
0.0889815042973226
0.13921357444664914
0.17002445905282415
0.0889815042973226
0.06450328828230344
0.09233702085844592
0.13370850966598835
0.0974716764339119
0.13633567362118593
0.13370850966598835
0.12041665853734161
0.0974716764339119
0.0889815042973226
0.0889815042973226
0.12373488950907609
0.07408011198694336
0.07408011198694336
0.0974716764339119
0.08968179647447228
0.07832191522828476
0.07408011198694336
0.07832191522828476
0.08968179647447228
0.12373488950907609
0.14514840705148507
0.25783941289196216
0.14706408102884574
0.14706408102884574
0.07832191522828476
0.12373488950907609
0.10109928129036605
0.0889815042973226
0.0889815042973226
0.07832191522828476
0.0889815042973226
0.0889815042973226
0.13370850966598835
0.10872817834336251
0.09233702085844592
0.0974716764339119
0.07832191522828476
0.1291044531109782
0.07832191522828476
0.10109928129036605
0.08968179647447228
0.1291044531109782
0.06114235026687642
0.17002445905282415
0.14706408102884574
0.13370850966598835
0.07408011198694336
0.1358110290480294
0.0889815042973226
0.07408011198694336
0.0889815042973226
0.15421979958363527
0.25783941289196216
0.0889815042973226
0.07832191522828476
0.07832191522828476
0.07832191522828476
0.0974716764339119
0.08968179647447228
0.099053843182002
0.07408011198694336
0.06450328828230344
0.09414574235943651
0.14514840705148507
0.0889815042973226
0.1358110290480294
0.12373488950907609
0.06450328828230344
0.08968179647447228
0.12373488950907609
0.12449495616281166
0.08968179647447228
0.0889815042973226
0.06450328828230344
0.13370850966598835
0.07408011198694336
0.058946857207508765
0.08968179647447228
0.07832191522828476
0.13370850966598835
0.11325606305208417
0.08968179647447228
0.07408011198694336
0.1291044531109782
0.12449495616281166
0.1358110290480294
0.10872817834336251
0.07408011198694336
0.12041665853734161
0.14706408102884574
0.06450328828230344
0.10872817834336251
0.0889815042973226
0.12373488950907609
0.1358110290480294
0.11325606305208417
0.0974716764339119
0.13370850966598835
0.06190890405618838
0.1358110290480294
0.0974716764339119
0.07832191522828476
0.07832191522828476
0.07832191522828476
0.10872817834336251
0.12041665853734161
0.13253374921472877
0.07832191522828476
0.14706408102884574
0.12373488950907609
0.12373488950907609
0.0974716764339119
0.06941210431773309
0.17002445905282415
0.04781830918800953
0.15421979958363527
0.07832191522828476
0.06450328828230344
0.12373488950907609
0.07832191522828476
0.12041665853734161
0.0889815042973226
0.07832191522828476
0.12373488950907609
0.07832191522828476
0.099053843182002
0.058946857207508765
0.14514840705148507
0.14706408102884574
0.07832191522828476
0.07832191522828476
0.12373488950907609
0.12373488950907609
0.10109928129036605
0.06941210431773309
0.07408011198694336
0.0974716764339119
0.10872817834336251
0.06450328828230344
0.10109928129036605
0.0889815042973226
0.10079166396395618
0.0889815042973226
0.09233702085844592
0.09233702085844592
0.10872817834336251
0.07408011198694336
0.10872817834336251
0.12041665853734161
0.03518739583548847
0.12373488950907609
0.17002445905282415
0.12449495616281166
0.13370850966598835
0.14706408102884574
0.13370850966598835
0.12041665853734161
0.13633567362118593
0.10109928129036605
0.10872817834336251
0.0974716764339119
0.06190890405618838
0.07408011198694336
0.0974716764339119
0.10079166396395618
0.13253374921472877
0.25783941289196216
0.12373488950907609
0.13921357444664914
0.25783941289196216
0.06450328828230344
0.08111638922442102
0.17002445905282415
0.13370850966598835
0.07408011198694336
0.06308932976907411
0.14706408102884574
0.10079166396395618
0.07408011198694336
0.10872817834336251
0.12303949205191334
0.10079166396395618
0.0974716764339119
0.12303949205191334
0.10872817834336251
0.12373488950907609
0.099053843182002
0.12373488950907609
0.08111638922442102
0.062187503074354486
0.11000522345953812
0.058946857207508765
0.07408011198694336
0.1358110290480294
0.10872817834336251
0.07832191522828476
0.25783941289196216
0.17002445905282415
0.17002445905282415
0.17002445905282415
0.12373488950907609
0.10109928129036605
0.07408011198694336
0.06308932976907411
0.15421979958363527
0.07408011198694336
0.14706408102884574
0.0889815042973226
0.12041665853734161
0.07832191522828476
0.13633567362118593
0.099053843182002
0.12373488950907609
0.10079166396395618
0.10872817834336251
0.14706408102884574
0.14706408102884574
0.1291044531109782
0.14706408102884574
0.10872817834336251
0.10079166396395618
0.10872817834336251
0.13370850966598835
0.07832191522828476
0.1291044531109782
0.058946857207508765
0.10079166396395618
0.07408011198694336
0.1362221038212001
0.13921357444664914
0.14706408102884574
0.12449495616281166
0.0889815042973226
0.12041665853734161
0.12373488950907609
0.07832191522828476
0.13921357444664914
0.14706408102884574
0.14514840705148507
0.0889815042973226
0.12041665853734161
0.12373488950907609
0.07832191522828476
0.14514840705148507
0.1362221038212001
0.12373488950907609
0.12449495616281166
0.25783941289196216
0.14706408102884574
0.099053843182002
0.07832191522828476
0.13370850966598835
0.07832191522828476
0.11391987318421722
0.12373488950907609
0.13921357444664914
0.07832191522828476
0.1362221038212001
0.09567672997639041
0.12590245368156816
0.13921357444664914
0.13921357444664914
0.14514840705148507
0.12373488950907609
0.13370850966598835
0.07832191522828476
0.12590245368156816
0.12041665853734161
0.1291044531109782
0.07832191522828476
0.10079166396395618
0.12590245368156816
0.0889815042973226
0.14514840705148507
0.09567672997639041
0.15421979958363527
0.07408011198694336
0.12041665853734161
0.12590245368156816
0.07832191522828476
0.14706408102884574
0.058946857207508765
0.062187503074354486
0.11000522345953812
0.09567672997639041
0.14706408102884574
0.14706408102884574
0.10872817834336251
0.058946857207508765
0.15421979958363527
0.14706408102884574
0.12373488950907609
0.058946857207508765
0.058946857207508765
0.07832191522828476
0.12373488950907609
0.14706408102884574
0.12373488950907609
0.1362221038212001
0.1291044531109782
0.15421979958363527
0.099053843182002
0.13370850966598835
0.13370850966598835
0.12373488950907609
0.099053843182002
0.15421979958363527
0.06450328828230344
0.0889815042973226
0.1358110290480294
0.09233702085844592
0.13370850966598835
0.099053843182002
0.058946857207508765
0.07832191522828476
0.14706408102884574
0.0974716764339119
0.1362221038212001
0.18943909861287447
0.058946857207508765
0.10079166396395618
0.14706408102884574
0.14706408102884574
0.14706408102884574
0.07408011198694336
0.12373488950907609
0.14706408102884574
0.14706408102884574
0.1358110290480294
0.11000522345953812
0.1358110290480294
0.11000522345953812
0.14706408102884574
0.12373488950907609
0.058946857207508765
0.12373488950907609
0.14706408102884574
0.1291044531109782
0.1362221038212001
0.14514840705148507
0.1291044531109782
0.1291044531109782
0.058946857207508765
0.07832191522828476
0.12373488950907609
0.12590245368156816
0.07832191522828476
0.14514840705148507
0.10109928129036605
0.10993362436021921
0.12590245368156816
0.058946857207508765
0.15421979958363527
0.10872817834336251
0.11391987318421722
0.13370850966598835
0.14514840705148507
0.07832191522828476
0.062187503074354486
0.13253374921472877
0.058946857207508765
0.14706408102884574
0.10993362436021921
0.07832191522828476
0.13921357444664914
0.15421979958363527
0.13921357444664914
0.0974716764339119
0.15421979958363527
0.12373488950907609
0.1291044531109782
0.0974716764339119
0.12590245368156816
0.07408011198694336
0.11391987318421722
0.058946857207508765
0.13253374921472877
0.058946857207508765
0.12373488950907609
0.09567672997639041
0.12373488950907609
0.099053843182002
0.1362221038212001
0.17002445905282415
0.14706408102884574
0.14706408102884574
0.13921357444664914
0.14514840705148507
0.03797930212292281
0.12373488950907609
0.07408011198694336
0.058946857207508765
0.07408011198694336
0.07408011198694336
0.058946857207508765
0.13370850966598835
0.12373488950907609
0.11391987318421722
0.10993362436021921
0.058946857207508765
0.14706408102884574
0.07832191522828476
0.1291044531109782
0.12590245368156816
0.14247669817226236
0.13921357444664914
0.058946857207508765
0.13921357444664914
0.17002445905282415
0.1291044531109782
0.09233702085844592
0.10993362436021921
0.1291044531109782
0.14706408102884574
0.1358110290480294
0.1291044531109782
0.13921357444664914
0.17002445905282415
0.1291044531109782
0.10872817834336251
0.1358110290480294
0.07408011198694336
0.062187503074354486
0.17002445905282415
0.12373488950907609
0.14706408102884574
0.10872817834336251
0.10872817834336251
0.10993362436021921
0.1291044531109782
0.09567672997639041
0.12373488950907609
0.058946857207508765
0.099053843182002
0.05470918012045396
0.1291044531109782
0.1362221038212001
0.14706408102884574
0.16641558721392266
0.058946857207508765
0.13921357444664914
0.058946857207508765
0.10993362436021921
0.1291044531109782
0.07832191522828476
0.099053843182002
0.14706408102884574
0.18943909861287447
0.07832191522828476
0.14514840705148507
0.17002445905282415
0.17002445905282415
0.12373488950907609
0.13076284015323547
0.14247669817226236
0.058946857207508765
0.07832191522828476
0.14706408102884574
0.09233702085844592
0.13633567362118593
0.17002445905282415
0.07832191522828476
0.07832191522828476
0.13921357444664914
0.14706408102884574
0.14706408102884574
0.1291044531109782
0.13921357444664914
0.13633567362118593
0.10993362436021921
0.099053843182002
0.12590245368156816
0.13633567362118593
0.17002445905282415
0.13921357444664914
0.14706408102884574
0.09567672997639041
0.10993362436021921
0.09233702085844592
0.08943647051749441
0.14706408102884574
0.14706408102884574
0.10993362436021921
0.12373488950907609
0.09567672997639041
0.12373488950907609
0.07832191522828476
0.1362221038212001
0.11391987318421722
0.14706408102884574
0.14706408102884574
0.099053843182002
0.099053843182002
0.12373488950907609
0.1291044531109782
0.10993362436021921
0.14706408102884574
0.058946857207508765
0.1362221038212001
0.058946857207508765
0.07832191522828476
0.10993362436021921
0.14706408102884574
0.058946857207508765
0.14514840705148507
0.15421979958363527
0.14706408102884574
0.14247669817226236
0.11000522345953812
0.10993362436021921
0.10993362436021921
0.05470918012045396
0.12590245368156816
0.10993362436021921
0.10872817834336251
0.06393198443512349
0.10109928129036605
0.12373488950907609
0.17002445905282415
0.14706408102884574
0.17002445905282415
0.099053843182002
0.058946857207508765
0.07408011198694336
0.06586287530272487
0.1358110290480294
0.09233702085844592
0.099053843182002
0.17002445905282415
0.14247669817226236
0.099053843182002
0.099053843182002
0.12590245368156816
0.099053843182002
0.09567672997639041
0.12373488950907609
0.12590245368156816
0.13633567362118593
0.058946857207508765
0.14706408102884574
0.1358110290480294
0.058946857207508765
0.058946857207508765
0.06331891014573433
0.17002445905282415
0.13921357444664914
0.10993362436021921
0.08943647051749441
0.10993362436021921
0.12590245368156816
0.11000522345953812
0.10993362436021921
0.14706408102884574
0.058946857207508765
0.14706408102884574
0.12590245368156816
0.08943647051749441
0.14706408102884574
0.10993362436021921
0.07832191522828476
0.17002445905282415
0.058946857207508765
0.05470918012045396
0.12373488950907609
0.13921357444664914
0.058946857207508765
0.12373488950907609
0.05470918012045396
0.099053843182002
0.18943909861287447
0.058946857207508765
0.14706408102884574
0.06586287530272487
0.10993362436021921
0.11000522345953812
0.05470918012045396
0.10993362436021921
0.043355999080185205
0.11391987318421722
0.13633567362118593
0.14706408102884574
0.15421979958363527
0.14706408102884574
0.18943909861287447
0.08943647051749441
0.05470918012045396
0.10993362436021921
0.10993362436021921
0.11000522345953812
0.15421979958363527
0.058946857207508765
0.18943909861287447
0.13370850966598835
0.13633567362118593
0.07415519198489917
0.09567672997639041
0.07415519198489917
0.14706408102884574
0.18943909861287447
0.13633567362118593
0.11000522345953812
0.17002445905282415
0.05470918012045396
0.14706408102884574
0.058946857207508765
0.14706408102884574
0.1291044531109782
0.1291044531109782
0.05470918012045396
0.058946857207508765
0.05470918012045396
0.07415519198489917
0.099053843182002
0.14706408102884574
0.18943909861287447
0.099053843182002
0.12590245368156816
0.12373488950907609
0.14706408102884574
0.13633567362118593
0.12590245368156816
0.15421979958363527
0.08011169616730798
0.1358110290480294
0.06586287530272487
0.12590245368156816
0.08011169616730798
0.05470918012045396
0.07415519198489917
0.12590245368156816
0.1358110290480294
0.05470918012045396
0.13633567362118593
0.058946857207508765
0.14706408102884574
0.14706408102884574
0.058946857207508765
0.058946857207508765
0.13921357444664914
0.07408011198694336
0.13633567362118593
0.12373488950907609
0.06393198443512349
0.058946857207508765
0.10993362436021921
0.13921357444664914
0.05470918012045396
0.10993362436021921
0.05470918012045396
0.13633567362118593
0.12590245368156816
0.058946857207508765
0.058946857207508765
0.058946857207508765
0.14706408102884574
0.058946857207508765
0.14706408102884574
0.058946857207508765
0.1358110290480294
0.14706408102884574
0.13134822587453138
0.13921357444664914
0.058946857207508765
0.058946857207508765
0.05470918012045396
0.099053843182002
0.14706408102884574
0.058946857207508765
0.13633567362118593
0.06085995863004689
0.13921357444664914
0.13633567362118593
0.14706408102884574
0.058946857207508765
0.10993362436021921
0.08943647051749441
0.099053843182002
0.14247669817226236
0.058946857207508765
0.058946857207508765
0.14706408102884574
0.13633567362118593
0.14706408102884574
0.1291044531109782
0.14706408102884574
0.14706408102884574
0.14706408102884574
0.10993362436021921
0.05470918012045396
0.10993362436021921
0.05470918012045396
0.14706408102884574
0.058946857207508765
0.08011169616730798
0.13633567362118593
0.08011169616730798
0.10993362436021921
0.14706408102884574
0.08943647051749441
0.06586287530272487
0.05470918012045396
0.08156072967205633
0.13633567362118593
0.14706408102884574
0.07681725362201766
0.15421979958363527
0.13633567362118593
0.058946857207508765
0.1358110290480294
0.08156072967205633
0.08011169616730798
0.08156072967205633
0.10993362436021921
0.12590245368156816
0.1362221038212001
0.1362221038212001
0.11391987318421722
0.07681725362201766
0.05470918012045396
0.058946857207508765
0.09567672997639041
0.099053843182002
0.099053843182002
0.05470918012045396
0.099053843182002
0.13633567362118593
0.05470918012045396
0.1291044531109782
0.07415519198489917
0.07408011198694336
0.07415519198489917
0.058946857207508765
0.14706408102884574
0.13633567362118593
0.043956606017399154
0.1291044531109782
0.05470918012045396
0.14706408102884574
0.058946857207508765
0.14706408102884574
0.058946857207508765
0.058946857207508765
0.06586287530272487
0.15421979958363527
0.07681725362201766
0.05470918012045396
0.099053843182002
0.05470918012045396
0.06586287530272487
0.043956606017399154
0.05470918012045396
0.05470918012045396
0.07681725362201766
0.09567672997639041
0.14706408102884574
0.06586287530272487
0.09567672997639041
0.05470918012045396
0.14984872955691508
0.099053843182002
0.16250707286955313
0.10993362436021921
0.07681725362201766
0.1291044531109782
0.06085995863004689
0.15421979958363527
0.12590245368156816
0.058946857207508765
0.14706408102884574
0.10993362436021921
0.07775554630439664
0.06586287530272487
0.05470918012045396
0.07415519198489917
0.10872817834336251
0.05470918012045396
0.10993362436021921
0.06085995863004689
0.14706408102884574
0.099053843182002
0.05470918012045396
0.15421979958363527
0.05470918012045396
0.10993362436021921
0.058946857207508765
0.1362221038212001
0.1362221038212001
0.058946857207508765
0.09538020770196112
0.07681725362201766
0.058946857207508765
0.10993362436021921
0.15421979958363527
0.05470918012045396
0.10993362436021921
0.13633567362118593
0.09538020770196112
0.05470918012045396
0.05470918012045396
0.15421979958363527
0.05470918012045396
0.12590245368156816
0.07408011198694336
0.14706408102884574
0.13633567362118593
0.05470918012045396
0.07775554630439664
0.07415519198489917
0.13877627953149435
0.10993362436021921
0.05470918012045396
0.15421979958363527
0.13877627953149435
0.13633567362118593
0.12590245368156816
0.13921357444664914
0.099053843182002
0.05470918012045396
0.05470918012045396
0.13877627953149435
0.058946857207508765
0.14706408102884574
0.08011169616730798
0.10993362436021921
0.099053843182002
0.10993362436021921
0.05470918012045396
0.08156072967205633
0.13633567362118593
0.07681725362201766
0.18943909861287447
0.1291044531109782
0.058946857207508765
0.07681725362201766
0.14706408102884574
0.07415519198489917
0.13921357444664914
0.13633567362118593
0.099053843182002
0.13633567362118593
0.1291044531109782
0.14706408102884574
0.05470918012045396
0.08156072967205633
0.13877627953149435
0.07118786429403309
0.12590245368156816
0.12590245368156816
0.10993362436021921
0.08156072967205633
0.08943647051749441
0.05470918012045396
0.05470918012045396
0.14706408102884574
0.07775554630439664
0.08156072967205633
0.05470918012045396
0.13921357444664914
0.14706408102884574
0.13921357444664914
0.13633567362118593
0.13921357444664914
0.13633567362118593
0.05470918012045396
0.14706408102884574
0.05470918012045396
0.08943647051749441
0.099053843182002
0.14706408102884574
0.08156072967205633
0.10993362436021921
0.11000522345953812
0.05470918012045396
0.12590245368156816
0.05470918012045396
0.05470918012045396
0.12590245368156816
0.05470918012045396
0.10993362436021921
0.14706408102884574
0.099053843182002
0.13921357444664914
0.1291044531109782
0.058946857207508765
0.14706408102884574
0.1780292637225457
0.12590245368156816
0.12590245368156816
0.1291044531109782
0.06586287530272487
0.10993362436021921
0.10993362436021921
0.05470918012045396
0.18943909861287447
0.13921357444664914
0.058946857207508765
0.10993362436021921
0.14706408102884574
0.16250707286955313
0.08156072967205633
0.14247669817226236
0.12590245368156816
0.12590245368156816
0.14706408102884574
0.12590245368156816
0.09538020770196112
0.14706408102884574
0.13877627953149435
0.12590245368156816
0.06085995863004689
0.09567672997639041
0.07415519198489917
0.11391987318421722
0.058946857207508765
0.12590245368156816
0.12590245368156816
0.058946857207508765
0.05470918012045396
0.05470918012045396
0.058946857207508765
0.05470918012045396
0.05470918012045396
0.14706408102884574
0.099053843182002
0.13633567362118593
0.09567672997639041
0.1291044531109782
0.05470918012045396
0.05470918012045396
0.09567672997639041
0.14706408102884574
0.13921357444664914
0.13633567362118593
0.05470918012045396
0.14706408102884574
0.08943647051749441
0.10993362436021921
0.05470918012045396
0.05470918012045396
0.099053843182002
0.099053843182002
0.11000522345953812
0.05470918012045396
0.07415519198489917
0.08156072967205633
0.099053843182002
0.05470918012045396
0.05470918012045396
0.13633567362118593
0.14706408102884574
0.13633567362118593
0.05470918012045396
0.10993362436021921
0.13921357444664914
0.14706408102884574
0.14706408102884574
0.09567672997639041
0.07681725362201766
0.058946857207508765
0.10993362436021921
0.12590245368156816
0.07681725362201766
0.08156072967205633
0.08943647051749441
0.16250707286955313
0.058946857207508765
0.05470918012045396
0.10105430794321717
0.07415519198489917
0.05470918012045396
0.099053843182002
0.10993362436021921
0.10993362436021921
0.099053843182002
0.08943647051749441
0.08011169616730798
0.1291044531109782
0.08943647051749441
0.13633567362118593
0.099053843182002
0.13921357444664914
0.16250707286955313
0.05470918012045396
0.09567672997639041
0.13633567362118593
0.05470918012045396
0.058946857207508765
0.08156072967205633
0.12590245368156816
0.08156072967205633
0.09567672997639041
0.07681725362201766
0.18943909861287447
0.05470918012045396
0.12590245368156816
0.16250707286955313
0.13921357444664914
0.13633567362118593
0.1291044531109782
0.12590245368156816
0.10993362436021921
0.08156072967205633
0.08156072967205633
0.08156072967205633
0.16250707286955313
0.06586287530272487
0.06586287530272487
0.08156072967205633
0.13921357444664914
0.06586287530272487
0.13921357444664914
0.07775554630439664
0.06586287530272487
0.08156072967205633
0.07681725362201766
0.099053843182002
0.08156072967205633
0.10993362436021921
0.10993362436021921
0.05470918012045396
0.08156072967205633
0.12590245368156816
0.13921357444664914
0.05142408780885004
0.099053843182002
0.099053843182002
0.1291044531109782
0.07681725362201766
0.05470918012045396
0.1291044531109782
0.10993362436021921
0.16250707286955313
0.1362221038212001
0.07681725362201766
0.058946857207508765
0.099053843182002
0.05470918012045396
0.07681725362201766
0.05142408780885004
0.08156072967205633
0.14706408102884574
0.05470918012045396
0.06586287530272487
0.1291044531109782
0.13877627953149435
0.05470918012045396
0.13633567362118593
0.07681725362201766
0.05470918012045396
0.14247669817226236
0.11000522345953812
0.13921357444664914
0.12590245368156816
0.08156072967205633
0.05470918012045396
0.11000522345953812
0.10993362436021921
0.05470918012045396
0.13921357444664914
0.08156072967205633
0.05470918012045396
0.16250707286955313
0.1291044531109782
0.099053843182002
0.099053843182002
0.06085995863004689
0.099053843182002
0.1291044531109782
0.08156072967205633
0.14706408102884574
0.11000522345953812
0.08011169616730798
0.14247669817226236
0.07415519198489917
0.10993362436021921
0.05470918012045396
0.16970149430658196
0.05470918012045396
0.12590245368156816
0.099053843182002
0.05470918012045396
0.08156072967205633
0.099053843182002
0.1291044531109782
0.13921357444664914
0.07681725362201766
0.13633567362118593
0.13921357444664914
0.11000522345953812
0.07415519198489917
0.099053843182002
0.13921357444664914
0.05470918012045396
0.07681725362201766
0.06085995863004689
0.08156072967205633
0.08156072967205633
0.05470918012045396
0.06085995863004689
0.058946857207508765
0.12590245368156816
0.10993362436021921
0.07577879366905657
0.10993362436021921
0.11000522345953812
0.058946857207508765
0.07681725362201766
0.05470918012045396
0.11000522345953812
0.13921357444664914
0.13877627953149435
0.13921357444664914
0.13633567362118593
0.05470918012045396
0.13633567362118593
0.18943909861287447
0.05470918012045396
0.07415519198489917
0.13921357444664914
0.08011169616730798
0.1291044531109782
0.07415519198489917
0.05470918012045396
0.058946857207508765
0.10490589945049295
0.05470918012045396
0.10993362436021921
0.12590245368156816
0.07577879366905657
0.06085995863004689
0.07681725362201766
0.058946857207508765
0.07681725362201766
0.05470918012045396
0.05470918012045396
0.1291044531109782
0.09567672997639041
0.14247669817226236
0.07681725362201766
0.1291044531109782
0.10993362436021921
0.10993362436021921
0.13633567362118593
0.1291044531109782
0.099053843182002
0.07681725362201766
0.058946857207508765
0.05470918012045396
0.13877627953149435
0.06586287530272487
0.08156072967205633
0.13877627953149435
0.08156072967205633
0.18943909861287447
0.05470918012045396
0.11391987318421722
0.07415519198489917
0.16250707286955313
0.05470918012045396
0.08943647051749441
0.12579322439751223
0.05470918012045396
0.099053843182002
0.05470918012045396
0.058946857207508765
0.10993362436021921
0.09538020770196112
0.13921357444664914
0.07681725362201766
0.1973775489315135
0.07415519198489917
0.058946857207508765
0.05470918012045396
0.08156072967205633
0.12579322439751223
0.12579322439751223
0.05470918012045396
0.08011169616730798
0.07681725362201766
0.05470918012045396
0.05470918012045396
0.05470918012045396
0.09538020770196112
0.05470918012045396
0.07681725362201766
0.06085995863004689
0.10993362436021921
0.07681725362201766
0.13921357444664914
0.07681725362201766
0.1291044531109782
0.1291044531109782
0.12590245368156816
0.05470918012045396
0.1291044531109782
0.05470918012045396
0.04963341479099378
0.058946857207508765
0.05470918012045396
0.058946857207508765
0.058946857207508765
0.13633567362118593
0.07577879366905657
0.08011169616730798
0.08156072967205633
0.06085995863004689
0.12590245368156816
0.058946857207508765
0.05470918012045396
0.11062657166744505
0.16495154102539983
0.10993362436021921
0.099053843182002
0.05470918012045396
0.09567672997639041
0.10993362436021921
0.06586287530272487
0.05470918012045396
0.07415519198489917
0.05470918012045396
0.10993362436021921
0.10993362436021921
0.058946857207508765
0.13921357444664914
0.1362221038212001
0.13921357444664914
0.08156072967205633
0.16250707286955313
0.11391987318421722
0.13921357444664914
0.05470918012045396
0.05470918012045396
0.13921357444664914
0.13921357444664914
0.06586287530272487
0.13877627953149435
0.06586287530272487
0.11391987318421722
0.13877627953149435
0.13921357444664914
0.10993362436021921
0.05470918012045396
0.1291044531109782
0.08011169616730798
0.05470918012045396
0.07415519198489917
0.10993362436021921
0.1291044531109782
0.16250707286955313
0.08902519443307308
0.16250707286955313
0.13921357444664914
0.07681725362201766
0.10993362436021921
0.05470918012045396
0.13921357444664914
0.08156072967205633
0.05470918012045396
0.13633567362118593
0.07415519198489917
0.099053843182002
0.099053843182002
0.13921357444664914
0.099053843182002
0.10993362436021921
0.16250707286955313
0.13921357444664914
0.14700344931140447
0.13877627953149435
0.05470918012045396
0.09567672997639041
0.07415519198489917
0.13921357444664914
0.05470918012045396
0.099053843182002
0.05470918012045396
0.1291044531109782
0.07681725362201766
0.05470918012045396
0.08943647051749441
0.05470918012045396
0.08902519443307308
0.14700344931140447
0.08156072967205633
0.05470918012045396
0.10993362436021921
0.05470918012045396
0.11996566342311717
0.05470918012045396
0.10993362436021921
0.10993362436021921
0.18943909861287447
0.09567672997639041
0.05470918012045396
0.05470918012045396
0.05470918012045396
0.16495154102539983
0.05470918012045396
0.05470918012045396
0.10993362436021921
0.07415519198489917
0.05470918012045396
0.11391987318421722
0.07577879366905657
0.16495154102539983
0.16250707286955313
0.07681725362201766
0.09567672997639041
0.18870322713734264
0.10993362436021921
0.12579322439751223
0.05470918012045396
0.10993362436021921
0.05470918012045396
0.13877627953149435
0.13877627953149435
0.13633567362118593
0.07681725362201766
0.13877627953149435
0.05470918012045396
0.05470918012045396
0.05470918012045396
0.10993362436021921
0.11391987318421722
0.10993362436021921
0.13877627953149435
0.05470918012045396
0.18943909861287447
0.05470918012045396
0.05470918012045396
0.13921357444664914
0.10993362436021921
0.08011169616730798
0.05470918012045396
0.05470918012045396
0.05470918012045396
0.06204063185222349
0.13633567362118593
0.13877627953149435
0.16250707286955313
0.07415519198489917
0.12590245368156816
0.05470918012045396
0.099053843182002
0.13921357444664914
0.08156072967205633
0.07681725362201766
0.05470918012045396
0.08011169616730798
0.09567672997639041
0.099053843182002
0.09567672997639041
0.07415519198489917
0.14700344931140447
0.13921357444664914
0.13921357444664914
0.09567672997639041
0.05470918012045396
0.10993362436021921
0.07415519198489917
0.09538020770196112
0.10993362436021921
0.13921357444664914
0.10741183560039669
0.12590245368156816
0.08156072967205633
0.08156072967205633
0.09567672997639041
0.13877627953149435
0.08011169616730798
0.08011169616730798
0.08943647051749441
0.05470918012045396
0.04963341479099378
0.0651804402837068
0.06085995863004689
0.10993362436021921
0.08156072967205633
0.08156072967205633
0.05470918012045396
0.12579322439751223
0.05470918012045396
0.05470918012045396
0.07681725362201766
0.09567672997639041
0.05470918012045396
0.10993362436021921
0.10993362436021921
0.13877627953149435
0.05470918012045396
0.08011169616730798
0.04963341479099378
0.11391987318421722
0.07415519198489917
0.09567672997639041
0.07681725362201766
0.08011169616730798
0.05470918012045396
0.05470918012045396
0.05470918012045396
0.13877627953149435
0.09538020770196112
0.16250707286955313
0.16250707286955313
0.05470918012045396
0.05470918012045396
0.13877627953149435
0.05470918012045396
0.13877627953149435
0.08156072967205633
0.05470918012045396
0.05470918012045396
0.05470918012045396
0.16495154102539983
0.05470918012045396
0.05470918012045396
0.10993362436021921
0.07681725362201766
0.10993362436021921
0.13877627953149435
0.09538020770196112
0.1291044531109782
0.10993362436021921
0.05470918012045396
0.08011169616730798
0.05470918012045396
0.05470918012045396
0.13877627953149435
0.12423059517846667
0.16250707286955313
0.14700344931140447
0.16250707286955313
0.12423059517846667
0.099053843182002
0.05470918012045396
0.16250707286955313
0.07415519198489917
0.07415519198489917
0.06204063185222349
0.11996566342311717
0.13877627953149435
0.05470918012045396
0.05470918012045396
0.1291044531109782
0.13921357444664914
0.09806689228839931
0.04694678927842284
0.16495154102539983
0.07415519198489917
0.13877627953149435
0.07415519198489917
0.09567672997639041
0.08902519443307308
0.13877627953149435
0.16250707286955313
0.05470918012045396
0.10402142589746947
0.04694678927842284
0.05470918012045396
0.05470918012045396
0.11391987318421722
0.07681725362201766
0.14700344931140447
0.07681725362201766
0.05470918012045396
0.13877627953149435
0.09567672997639041
0.1291044531109782
0.09567672997639041
0.07577879366905657
0.07681725362201766
0.05470918012045396
0.07681725362201766
0.11391987318421722
0.13877627953149435
0.09538020770196112
0.16495154102539983
0.05470918012045396
0.05470918012045396
0.09567672997639041
0.09567672997639041
0.05470918012045396
0.06085995863004689
0.13877627953149435
0.10993362436021921
0.06085995863004689
0.06085995863004689
0.18943909861287447
0.06085995863004689
0.10993362436021921
0.09567672997639041
0.04694678927842284
